6.704989	0.878403	1618.041051	1169.722070	0.722925
6.719970	0.877695	1613.072297	1161.612149	0.720124
6.739970	0.875328	1608.863844	1151.078165	0.715460
6.759970	0.871306	1602.563724	1135.584876	0.708605
6.779971	0.866580	1592.139454	1115.878802	0.700868
6.799971	0.862305	1579.186064	1095.723123	0.693853
6.819971	0.858277	1561.677074	1071.562790	0.686162
6.839971	0.853997	1535.835276	1038.216955	0.675995
6.859971	0.849958	1504.894575	1001.336439	0.665386
6.879971	0.846922	1474.146039	968.185253	0.656777
6.899971	0.844720	1440.991436	934.571141	0.648561
6.919971	0.843259	1409.250905	902.859607	0.640666
6.939971	0.842054	1381.817222	874.444479	0.632822
6.959971	0.840368	1356.320508	844.893030	0.622930
6.979971	0.838175	1337.649258	819.912253	0.612950
6.999971	0.835805	1326.500889	802.330372	0.604847
7.019972	0.833214	1317.921112	786.514584	0.596784
7.039972	0.830716	1310.719363	771.923394	0.588931
7.059972	0.828644	1303.991570	758.289130	0.581514
7.079972	0.827406	1297.453167	745.904210	0.574899
7.099972	0.827423	1291.450399	735.485199	0.569503
7.119972	0.829083	1287.258268	728.257878	0.565743
7.139972	0.832570	1286.506492	725.420331	0.563868
7.159972	0.837821	1290.871627	727.971239	0.563938
7.179972	0.844528	1301.399180	736.299782	0.565776
7.199972	0.852254	1318.252947	750.182618	0.569073
7.219972	0.860522	1340.681221	768.764551	0.573413
7.239972	0.869006	1367.639063	791.178360	0.578499
7.259972	0.877497	1397.989761	816.620529	0.584139
7.279973	0.885762	1430.184248	843.901417	0.590065
7.299973	0.893721	1463.190499	872.329981	0.596183
7.319973	0.901378	1496.507529	901.648402	0.602502
7.339973	0.908652	1529.346922	931.101358	0.608823
7.359973	0.915519	1561.217206	960.095468	0.614966
7.379973	0.921974	1591.629444	987.966690	0.620727
7.399973	0.927993	1619.726263	1013.661743	0.625823
7.419973	0.933556	1644.426937	1035.969046	0.629988
7.439973	0.937461	1660.840003	1050.746051	0.632659
7.459973	0.941127	1674.114777	1062.345229	0.634571
7.479973	0.945582	1685.038071	1070.860055	0.635511
7.499973	0.949614	1688.569796	1072.157299	0.634950
7.519973	0.953211	1683.790638	1065.363989	0.632718
7.539973	0.956399	1670.206062	1050.056050	0.628699
7.559974	0.958534	1654.204484	1033.102106	0.624531
7.579974	0.960470	1632.803688	1010.919962	0.619131
7.599974	0.962758	1596.506826	973.662398	0.609870
7.619974	0.964757	1551.802037	928.299233	0.598207
7.639974	0.966491	1499.752171	875.870388	0.584010
7.659974	0.967611	1456.559570	832.688531	0.571682
7.679974	0.968608	1410.378828	786.670685	0.557773
7.699974	0.969770	1346.352966	723.015636	0.537018
7.719974	0.970711	1281.393726	658.726446	0.514070
7.739974	0.971256	1232.969031	611.128769	0.495656
7.759974	0.971675	1186.241139	565.403021	0.476634
7.779974	0.972059	1128.977826	509.672687	0.451446
7.799974	0.972210	1079.096858	461.670613	0.427831
7.819974	0.972143	1047.657777	431.924572	0.412276
7.839974	0.971934	1022.129634	408.268061	0.399429
7.859975	0.971450	998.678870	387.525151	0.388038
7.879975	0.970879	988.712017	379.872530	0.384209
7.899975	0.970127	985.584198	379.199582	0.384746
7.919975	0.968843	991.506141	388.610393	0.391939
7.939975	0.967601	1002.222457	402.167147	0.401275
7.959975	0.966095	1017.729842	420.660396	0.413332
7.979975	0.963672	1044.023033	451.089311	0.432068
7.999975	0.961467	1066.033895	476.359825	0.446852
8.019975	0.958885	1089.215734	502.912167	0.461720
8.039975	0.955922	1112.249556	529.426907	0.475997
8.059975	0.952520	1134.558943	555.257776	0.489404
8.079975	0.947314	1162.058193	587.530216	0.505594
8.099975	0.942850	1180.345692	609.471176	0.516350
8.119975	0.937877	1196.887525	629.673500	0.526092
8.139975	0.932471	1211.603343	648.064914	0.534882
8.159975	0.926581	1225.031997	665.140049	0.542957
8.179976	0.920296	1237.332349	681.118594	0.550473
8.199976	0.913629	1248.963745	696.315184	0.557514
8.219976	0.906655	1260.070990	710.982660	0.564240
8.239976	0.899394	1270.973736	725.286287	0.570654
8.259976	0.889415	1285.250248	743.969802	0.578852
8.279976	0.881748	1295.751408	757.600437	0.584680
8.299976	0.874026	1306.202382	770.846433	0.590143
8.319976	0.866315	1316.485440	783.729601	0.595320
8.339976	0.861218	1323.288390	791.985726	0.598498
8.359976	0.853812	1333.435688	803.903892	0.602882
8.379976	0.846671	1343.436698	815.273345	0.606857
8.399976	0.840041	1353.352445	825.725062	0.610133
8.419976	0.833909	1363.126839	835.399781	0.612856
8.439976	0.828605	1372.740940	843.765634	0.614658
8.459976	0.824077	1382.128248	850.974627	0.615699
8.479976	0.820778	1391.075435	856.240721	0.615524
8.499976	0.818578	1399.431132	859.782730	0.614380
8.519977	0.817913	1406.598869	860.785894	0.611963
8.539977	0.818241	1412.523566	860.137466	0.608937
8.559977	0.818864	1415.648066	858.957833	0.606759
8.579977	0.819800	1419.203641	857.267953	0.604049
8.599977	0.820199	1422.230653	856.524634	0.602240
8.619977	0.819717	1425.223645	857.346525	0.601552
8.639977	0.818612	1428.439487	859.290825	0.601559
8.659977	0.817557	1430.816551	861.116694	0.601836
8.679977	0.815679	1434.476088	864.479221	0.602645
8.699977	0.813514	1438.306743	868.383768	0.603754
8.719977	0.810991	1442.371943	872.963355	0.605228
8.739977	0.808145	1446.669619	878.165749	0.607026
8.759977	0.805984	1449.829815	882.101626	0.608417
8.779977	0.802379	1454.865305	888.793216	0.610911
8.799977	0.798405	1460.397663	896.258225	0.613708
8.819977	0.795504	1464.555822	901.734882	0.615705
8.839977	0.790936	1471.276377	910.544136	0.618880
8.859977	0.786246	1478.604008	919.764835	0.622049
8.879977	0.783114	1483.975473	926.019094	0.624012
8.899978	0.778637	1492.354381	935.203999	0.626663
8.919978	0.774544	1501.027511	943.841367	0.628797
8.939978	0.772159	1506.999790	948.998286	0.629727
8.959978	0.770114	1512.901094	953.526116	0.630263
8.979978	0.767886	1521.127763	958.642368	0.630218
8.999978	0.766575	1528.453536	961.757783	0.629236
9.019978	0.766358	1532.687818	962.326675	0.627869
9.039978	0.767177	1537.231608	960.504320	0.624827
9.059978	0.769050	1539.859328	956.102583	0.620903
9.079978	0.771043	1540.439022	951.412896	0.617625
9.099978	0.773584	1540.026736	945.495328	0.613947
9.119978	0.778450	1537.428151	934.466436	0.607811
9.139978	0.784117	1533.434375	922.052761	0.601299
9.159978	0.788343	1530.211061	913.142631	0.596743
9.179978	0.792774	1526.688102	904.102277	0.592198
9.199978	0.797305	1523.012181	895.162265	0.587758
9.219978	0.804013	1517.329060	882.485628	0.581605
9.239978	0.810301	1511.927779	871.073128	0.576134
9.259978	0.814006	1508.719866	864.529343	0.573022
9.279978	0.817219	1505.801804	858.957015	0.570432
9.299978	0.820859	1501.988081	852.806719	0.567785
9.319979	0.823101	1499.025767	849.099876	0.566434
9.339979	0.823552	1497.866568	848.398871	0.566405
9.359979	0.823188	1497.334176	849.105128	0.567078
9.379979	0.822020	1497.498162	851.220503	0.568428
9.399979	0.820081	1498.416104	854.715429	0.570413
9.419979	0.815835	1501.187146	862.472590	0.574527
9.439979	0.810477	1505.483611	872.386887	0.579473
9.459979	0.806381	1509.334475	880.031140	0.583059
9.479979	0.802097	1513.711304	888.119754	0.586717
9.499979	0.797766	1518.474964	896.393153	0.590325
9.519979	0.793548	1523.443722	904.538324	0.593746
9.539979	0.787730	1530.743582	915.914569	0.598346
9.559979	0.782646	1537.629226	925.925457	0.602177
9.579979	0.779796	1541.870502	931.497534	0.604135
9.599979	0.777403	1545.624496	936.121853	0.605659
9.619979	0.775434	1548.869374	939.850470	0.606798
9.639979	0.773875	1551.577000	942.701432	0.607576
9.659979	0.772645	1553.813684	944.849401	0.608084
9.679979	0.771688	1555.638167	946.423371	0.608383
9.699979	0.770888	1557.184151	947.681513	0.608587
9.719979	0.769809	1559.035861	949.395902	0.608963
9.739979	0.768564	1560.940506	951.543218	0.609596
9.759980	0.767473	1562.564783	953.576121	0.610263
9.779980	0.766115	1564.462679	956.215140	0.611210
9.799980	0.764463	1566.677834	959.510317	0.612449
9.819980	0.762515	1569.216994	963.458421	0.613974
9.839980	0.760284	1572.068012	968.024901	0.615765
9.859980	0.757822	1575.163182	973.081661	0.617766
9.879980	0.755183	1578.423222	978.500870	0.619923
9.899980	0.752430	1581.747623	984.120225	0.622173
9.919980	0.749613	1585.037988	989.803096	0.624466
9.939980	0.746820	1588.146582	995.321713	0.626719
9.959980	0.744097	1590.964049	1000.530621	0.628883
9.979980	0.741498	1593.373671	1005.266744	0.630905
9.999980	0.739086	1595.248259	1009.338624	0.632716
10.019980	0.735969	1596.616795	1013.773230	0.634951
10.039980	0.733436	1596.529341	1016.275688	0.636553
10.059980	0.732181	1595.674874	1016.602067	0.637098
10.079980	0.731274	1594.180409	1015.932234	0.637276
10.099980	0.730718	1592.145982	1014.341969	0.637091
10.119980	0.730475	1589.708997	1011.996804	0.636592
10.139980	0.730507	1587.000080	1009.061073	0.635829
10.159980	0.730758	1584.154685	1005.731521	0.634870
10.179980	0.731192	1581.260779	1002.131011	0.633754
10.199980	0.731750	1578.408115	998.422762	0.632550
10.219980	0.732402	1575.644157	994.684682	0.631288
10.239980	0.733102	1573.017342	991.024612	0.630015
10.259981	0.733819	1570.547740	987.501076	0.628762
10.279981	0.734515	1568.255319	984.182704	0.627565
10.299981	0.735172	1566.133049	981.083301	0.626437
10.319981	0.735777	1564.171247	978.212779	0.625387
10.339981	0.736331	1562.366571	975.563152	0.624414
10.359981	0.736272	1562.724862	975.665504	0.624336
10.379981	0.736762	1561.088444	973.261131	0.623450
10.399981	0.737156	1559.665596	971.185135	0.622688
10.419981	0.737370	1558.501736	969.593547	0.622132
10.439981	0.737271	1557.646489	968.715737	0.621910
10.459981	0.736725	1557.075909	968.725735	0.622144
10.479981	0.735602	1556.688397	969.725686	0.622941
10.499981	0.733883	1556.248141	971.562676	0.624298
10.519981	0.731667	1555.440991	973.843596	0.626088
10.539981	0.729212	1553.902786	975.901854	0.628033
10.559981	0.726882	1551.365274	976.975297	0.629752
10.579981	0.725087	1547.749053	976.369648	0.630832
10.599981	0.724175	1543.274126	973.731971	0.630952
10.619981	0.724337	1538.394095	969.153950	0.629978
10.639981	0.725535	1533.634423	963.153380	0.628020
10.659981	0.727542	1529.403726	956.438696	0.625367
10.679981	0.727473	1529.710688	956.517396	0.625293
10.699981	0.729948	1526.210300	949.780149	0.622313
10.719981	0.732557	1523.430406	943.503543	0.619328
10.739981	0.735062	1521.253996	937.925551	0.616548
10.759981	0.737301	1519.522083	933.128648	0.614094
10.779981	0.739193	1518.089721	929.094427	0.612015
10.799981	0.740693	1516.818100	925.759401	0.610330
10.819982	0.741798	1515.577443	923.014326	0.609018
10.839982	0.742563	1514.237809	920.675138	0.608012
10.859982	0.743114	1512.705367	918.492333	0.607185
10.879982	0.743041	1512.993603	918.554120	0.607110
10.899982	0.743566	1511.227309	916.241076	0.606289
10.919982	0.744258	1509.270361	913.571700	0.605307
10.939982	0.745288	1507.229752	910.400642	0.604022
10.959982	0.746741	1505.237317	906.722089	0.602378
10.979982	0.748637	1503.415505	902.613814	0.600375
10.999982	0.750936	1501.853793	898.202885	0.598063
11.019982	0.750863	1502.135329	898.256408	0.597986
11.039982	0.753493	1500.880766	893.679186	0.595436
11.059982	0.756367	1499.941936	889.062945	0.592732
11.079982	0.759403	1499.300559	884.498015	0.589940
11.099982	0.762526	1498.923031	880.055224	0.587125
11.119982	0.765680	1498.772783	875.775515	0.584328
11.139982	0.768819	1498.814945	871.687887	0.581585
11.159982	0.768745	1499.100767	871.732661	0.581504
11.179982	0.771846	1499.315745	867.852504	0.578832
11.199982	0.774883	1499.683936	864.199042	0.576254
11.219982	0.777843	1500.183977	860.770288	0.573776
11.239982	0.780712	1500.772001	857.533246	0.571395
11.259982	0.780637	1501.062456	857.573068	0.571311
11.279982	0.783397	1501.655226	854.448215	0.569004
11.299982	0.786036	1502.166256	851.353725	0.566751
11.319982	0.788562	1502.537060	848.221605	0.564526
11.339982	0.790986	1502.778873	845.063555	0.562334
11.359982	0.793345	1502.996301	841.973414	0.560197
11.379982	0.793270	1503.262999	841.979215	0.560101
11.399982	0.795614	1503.656479	839.146079	0.558070
11.419982	0.797967	1504.397890	836.753587	0.556205
11.439983	0.800356	1505.625680	834.937861	0.554545
11.459983	0.802766	1507.385073	833.749179	0.553110
11.479983	0.802725	1507.817106	833.916955	0.553062
11.499983	0.805105	1510.074972	833.319663	0.551840
11.519983	0.807374	1512.595317	833.068687	0.550755
11.539983	0.809441	1515.072861	832.865446	0.549720
11.559983	0.809371	1515.519415	833.028946	0.549666
11.579983	0.811154	1517.527726	832.449163	0.548556
11.599983	0.812644	1518.754264	831.208917	0.547297
11.619983	0.813854	1518.958776	829.081994	0.545823
11.639983	0.814808	1518.047673	825.994724	0.544116
11.659983	0.814642	1518.048587	825.747442	0.543953
11.679983	0.815352	1516.001473	821.717485	0.542029
11.699983	0.815896	1513.205484	817.098040	0.539978
11.719983	0.816355	1510.073577	812.259314	0.537894
11.739983	0.816146	1509.926895	811.909429	0.537714
11.759983	0.816654	1507.048883	807.350485	0.535716
11.779983	0.817362	1504.894200	803.442506	0.533886
11.799983	0.818423	1503.813659	800.454060	0.532283
11.819983	0.818324	1504.038221	800.399007	0.532167
11.839983	0.819897	1504.355363	798.633368	0.530881
11.859983	0.821932	1505.914688	798.057285	0.529949
11.879983	0.824370	1508.641892	798.705627	0.529420
11.899983	0.824441	1509.237536	799.046862	0.529437
11.919983	0.827181	1513.147180	801.063616	0.529402
11.939983	0.830035	1518.075618	804.236433	0.529774
11.959983	0.830127	1518.910012	804.878500	0.529905
11.979983	0.832925	1524.850754	809.088708	0.530602
11.999983	0.835569	1531.447869	813.809982	0.531399
12.019983	0.837968	1538.235247	818.488985	0.532096
12.039983	0.837994	1539.349933	819.281180	0.532225
12.059983	0.840102	1545.788609	823.300271	0.532609
12.079983	0.841928	1551.271789	826.198464	0.532594
12.099983	0.841907	1552.217928	826.736484	0.532616
12.119983	0.843419	1556.110075	828.008365	0.532101
12.139984	0.844616	1558.239213	827.626611	0.531129
12.159984	0.845468	1558.497779	825.561093	0.529716
12.179984	0.845344	1558.758018	825.511975	0.529596
12.199984	0.845772	1556.959663	821.645941	0.527725
12.219984	0.845818	1553.580687	816.388465	0.525488
12.239984	0.845570	1553.375854	815.987564	0.525300
12.259984	0.845227	1548.626136	809.540831	0.522748
12.279984	0.844671	1543.166425	802.482442	0.520023
12.299984	0.844313	1542.709264	801.897206	0.519798
12.319984	0.843682	1537.066187	794.741681	0.517051
12.339984	0.843187	1531.821873	788.012669	0.514428
12.359984	0.842811	1531.381823	787.455315	0.514212
12.379984	0.842614	1526.993844	781.554245	0.511825
12.399984	0.842772	1523.629228	776.626132	0.509721
12.419984	0.842465	1523.386946	776.218665	0.509535
12.439984	0.843016	1521.173060	772.350838	0.507734
12.459984	0.843873	1519.919932	769.394228	0.506207
12.479984	0.844976	1519.481579	767.217951	0.504921
12.499984	0.844803	1519.569375	767.044777	0.504778
12.519984	0.846169	1519.921030	765.594696	0.503707
12.539984	0.846033	1520.107080	765.497190	0.503581
12.559984	0.847640	1521.195679	764.741987	0.502724
12.579984	0.849494	1522.957895	764.610994	0.502057
12.599984	0.849408	1523.299820	764.662445	0.501978
12.619984	0.851543	1525.835496	765.261177	0.501536
12.639984	0.853901	1529.021027	766.485869	0.501292
12.659984	0.853846	1529.489851	766.688229	0.501271
12.679984	0.856394	1533.234331	768.453636	0.501198
12.699984	0.859001	1537.183167	770.409098	0.501182
12.719984	0.858968	1537.737044	770.711060	0.501198
12.739984	0.861479	1541.499805	772.500569	0.501136
12.759984	0.863728	1544.664890	773.774173	0.500933
12.779984	0.863708	1545.234537	774.073768	0.500943
12.799984	0.865525	1547.472925	774.614907	0.500568
12.819984	0.866785	1548.683411	774.480892	0.500090
12.839984	0.866762	1549.202907	774.705325	0.500067
12.859984	0.867398	1549.446948	774.080654	0.499585
12.879984	0.867368	1549.930509	774.262279	0.499546
12.899984	0.867360	1549.450801	773.490022	0.499203
12.919985	0.866796	1548.627415	772.931742	0.499108
12.939985	0.866753	1549.046036	773.046563	0.499047
12.959985	0.865737	1548.149381	772.881716	0.499229
12.979985	0.864447	1547.415138	773.161540	0.499647
12.999985	0.864395	1547.795721	773.242292	0.499576
13.019985	0.863034	1547.313033	773.828822	0.500111
13.039985	0.862979	1547.683602	773.901624	0.500039
13.059985	0.861743	1547.469643	774.601440	0.500560
13.079985	0.860809	1547.497080	775.212712	0.500946
13.099985	0.860752	1547.859678	775.280277	0.500872
13.119985	0.860203	1548.070271	775.676700	0.501060
13.139985	0.860146	1548.432330	775.744493	0.500987
13.159985	0.859957	1548.755239	775.901016	0.500984
13.179985	0.859978	1549.083291	775.878701	0.500863
13.199985	0.859921	1549.443775	775.945431	0.500790
13.219985	0.859859	1549.636354	775.902446	0.500700
13.239985	0.859801	1549.992763	775.965486	0.500625
13.259985	0.859328	1549.989979	776.155088	0.500748
13.279985	0.858394	1549.965590	776.756799	0.501145
13.299985	0.858334	1550.312598	776.812173	0.501068
13.319985	0.857523	1550.530378	777.462742	0.501417
13.339985	0.857462	1550.877914	777.519503	0.501342
13.359985	0.857371	1551.375412	777.698309	0.501296
13.379985	0.857311	1551.726377	777.758732	0.501222
13.399985	0.857737	1552.291083	777.527140	0.500890
13.419985	0.858116	1552.683424	777.218889	0.500565
13.439985	0.858057	1553.034461	777.278880	0.500490
13.459985	0.858047	1553.191844	777.149522	0.500356
13.479985	0.857987	1553.538516	777.205318	0.500281
13.499985	0.857546	1553.571252	777.382742	0.500384
13.519985	0.857485	1553.913661	777.434783	0.500308
13.539985	0.856758	1553.970997	777.904284	0.500591
13.559985	0.855972	1554.150409	778.519613	0.500929
13.579985	0.855910	1554.490128	778.570379	0.500853
13.599985	0.855286	1554.820501	779.140434	0.501113
13.619985	0.855224	1555.162124	779.193723	0.501037
13.639985	0.854912	1555.641897	779.577595	0.501129
13.659985	0.854851	1555.987312	779.635030	0.501055
13.679985	0.854893	1556.604480	779.794670	0.500959
13.699985	0.855248	1557.332939	779.762416	0.500704
13.719985	0.855190	1557.689080	779.830246	0.500633
13.739985	0.855776	1558.501511	779.671479	0.500270
13.759985	0.855721	1558.862642	779.743663	0.500200
13.779985	0.856439	1559.711379	779.509290	0.499778
13.799986	0.856385	1560.075997	779.584096	0.499709
13.819986	0.857153	1560.909320	779.299751	0.499260
13.839986	0.857100	1561.275386	779.374988	0.499191
13.859986	0.857839	1562.047613	779.064575	0.498746
13.879986	0.857787	1562.413144	779.138165	0.498676
13.899986	0.858454	1563.102715	778.815833	0.498250
13.919986	0.858401	1563.466151	778.886144	0.498179
13.939986	0.858978	1564.078730	778.571556	0.497783
13.959986	0.859468	1564.644553	778.291869	0.497424
13.979986	0.859415	1565.002380	778.354315	0.497350
13.999986	0.859835	1565.563070	778.135941	0.497033
14.019986	0.859781	1565.917924	778.194153	0.496957
14.039986	0.860184	1566.525140	778.036260	0.496664
14.059986	0.860130	1566.877448	778.090586	0.496587
14.079986	0.860564	1567.577422	777.994970	0.496304
14.099986	0.860509	1567.927634	778.045714	0.496226
14.119986	0.861029	1568.759712	777.997182	0.495931
14.139986	0.860974	1569.108003	778.044246	0.495851
14.159986	0.861626	1570.094350	778.018171	0.495523
14.179986	0.861571	1570.440342	778.060743	0.495441
14.199986	0.862404	1571.577728	777.997766	0.495042
14.219986	0.862348	1571.919977	778.033734	0.494958
14.239986	0.863365	1573.177716	777.889337	0.494470
14.259986	0.863307	1573.513733	777.915352	0.494381
14.279986	0.864500	1574.823287	777.605653	0.493773
14.299986	0.864440	1575.149195	777.616814	0.493678
14.319986	0.865783	1576.390892	777.007549	0.492903
14.339986	0.865719	1576.701164	776.997317	0.492799
14.359986	0.867149	1577.723737	775.954214	0.491819
14.379986	0.867079	1578.011605	775.915302	0.491704
14.399986	0.868537	1578.619644	774.243498	0.490456
14.419986	0.868459	1578.877071	774.168415	0.490328
14.439986	0.869864	1578.877827	771.705492	0.488768
14.459986	0.869776	1579.096451	771.588165	0.488626
14.479986	0.871050	1578.318193	768.206768	0.486725
14.499986	0.870948	1578.490416	768.043912	0.486569
14.519986	0.872031	1576.801397	763.657027	0.484308
14.539986	0.871913	1576.921655	763.449077	0.484139
14.559986	0.872742	1574.326979	758.159955	0.481577
14.579986	0.872605	1574.394276	757.912421	0.481399
14.599986	0.873156	1570.981790	751.884714	0.478608
14.619986	0.872998	1571.001089	751.608066	0.478426
14.639986	0.873278	1566.970523	745.110763	0.475510
14.659986	0.873100	1566.954130	744.820412	0.475330
14.679986	0.873151	1562.650843	738.268344	0.472446
14.699986	0.872956	1562.618656	737.983938	0.472274
14.719986	0.872868	1558.434917	731.804688	0.469577
14.739986	0.872661	1558.412809	731.548640	0.469419
14.759986	0.872558	1554.826229	726.256109	0.467098
14.779986	0.872347	1554.842632	726.050779	0.466961
14.799986	0.872378	1552.287947	722.095132	0.465181
14.819987	0.872172	1552.369582	721.959749	0.465070
14.839987	0.872490	1551.196523	719.698662	0.463964
14.859987	0.872298	1551.364111	719.646338	0.463880
14.879987	0.873035	1551.773718	719.291213	0.463528
14.899987	0.872861	1552.038263	719.326767	0.463472
14.919987	0.872688	1552.310235	719.366714	0.463417
14.939987	0.873954	1554.384136	721.013119	0.463858
14.959987	0.873802	1554.751970	721.136568	0.463827
14.979987	0.875600	1558.111872	724.469615	0.464966
14.999987	0.875467	1558.561542	724.664674	0.464957
15.019987	0.877763	1562.643321	729.217799	0.466657
15.039987	0.877645	1563.150952	729.467311	0.466665
15.059987	0.880342	1567.084235	734.499330	0.468704
15.079987	0.880233	1567.619760	734.782810	0.468725
15.099987	0.883207	1570.305244	739.337295	0.470824
15.119987	0.883103	1570.837532	739.633033	0.470853
15.139987	0.886208	1571.010607	742.563957	0.472666
15.159987	0.886107	1571.511712	742.850221	0.472698
15.179987	0.886005	1572.011885	743.136830	0.472730
15.199987	0.889082	1568.304982	743.172935	0.473870
15.219987	0.888982	1568.751306	743.429038	0.473899
15.239987	0.891849	1560.063928	739.457474	0.473992
15.259987	0.891751	1560.441413	739.664641	0.474010
15.279987	0.894206	1546.051552	730.938512	0.472778
15.299987	0.894110	1546.351632	731.082562	0.472779
15.319987	0.895923	1526.278434	717.582816	0.470152
15.339987	0.895828	1526.498895	717.655986	0.470132
15.359987	0.895733	1526.718255	717.728977	0.470112
15.379987	0.896637	1501.954418	700.410498	0.466333
15.399987	0.896542	1502.098623	700.412473	0.466289
15.419987	0.896232	1475.050372	681.620284	0.462100
15.439987	0.896136	1475.129945	681.558610	0.462033
15.459987	0.894270	1449.317285	664.719154	0.458643
15.479987	0.894174	1449.347690	664.606690	0.458556
15.499987	0.894078	1449.377451	664.493994	0.458469
15.519987	0.890273	1428.778337	653.487806	0.457375
15.539987	0.890176	1428.776898	653.339717	0.457272
15.559987	0.884009	1417.246468	651.855742	0.459945
15.579987	0.883911	1417.232059	651.687891	0.459831
15.599987	0.874986	1417.118050	661.910167	0.467082
15.619987	0.874889	1417.107628	661.736849	0.466963
15.639987	0.874791	1417.096826	661.563399	0.466844
15.659987	0.862851	1428.921433	683.766204	0.478519
15.679987	0.862755	1428.929737	683.599722	0.478400
15.699987	0.847925	1451.384385	716.115893	0.493402
15.719987	0.847830	1451.424290	715.966458	0.493285
15.739987	0.830727	1482.199253	756.013695	0.510062
15.759987	0.830635	1482.280074	755.888691	0.509950
15.779987	0.830542	1482.360604	755.763547	0.509838
15.799987	0.812389	1518.802450	800.003011	0.526733
15.819987	0.812301	1518.929512	799.906926	0.526625
15.839987	0.794596	1558.061549	844.836577	0.542236
15.859987	0.794511	1558.236588	844.771709	0.542133
15.879987	0.794426	1558.411384	844.706682	0.542031
15.899987	0.778623	1596.617911	886.611485	0.555306
15.919987	0.778541	1596.837258	886.577357	0.555208
15.939987	0.765618	1629.515317	921.588214	0.565560
15.959987	0.765539	1629.770739	921.581983	0.565467
15.979987	0.756082	1652.081592	945.828210	0.572507
15.999987	0.756005	1652.361152	945.843870	0.572420
16.019988	0.755927	1652.640639	945.859295	0.572332
16.039988	0.750336	1661.498037	956.399755	0.575625
16.059988	0.750259	1661.788753	956.428384	0.575541
16.079988	0.748971	1657.800707	952.522739	0.574570
16.099988	0.748891	1658.090307	952.555219	0.574489
16.119988	0.748812	1658.379567	952.587355	0.574409
16.139988	0.752117	1645.958915	936.703301	0.569093
16.159988	0.752034	1646.238158	936.732279	0.569014
16.179988	0.759589	1631.265169	913.823752	0.560193
16.199988	0.759502	1631.532308	913.846365	0.560115
16.219988	0.759416	1631.798780	913.868724	0.560038
16.239988	0.769931	1618.629090	889.228812	0.549372
16.259988	0.769842	1618.885974	889.244315	0.549294
16.279988	0.769753	1619.142195	889.259648	0.549217
16.299988	0.781421	1609.308479	866.511374	0.538437
16.319988	0.781330	1609.558330	866.520345	0.538359
16.339988	0.792518	1602.573838	847.260310	0.528687
16.359988	0.792426	1602.818969	847.263398	0.528608
16.379988	0.792335	1603.063534	847.266415	0.528530
16.399988	0.801906	1597.812676	831.855390	0.520621
16.419988	0.801814	1598.052438	831.852742	0.520542
16.439988	0.809096	1593.675611	820.265877	0.514701
16.459988	0.809004	1593.909515	820.257782	0.514620
16.479988	0.808911	1594.142907	820.249664	0.514540
16.499988	0.813603	1590.353756	812.461000	0.510868
16.519988	0.813509	1590.580467	812.447969	0.510787
16.539988	0.813416	1590.806694	812.434943	0.510706
16.559988	0.815483	1587.886868	808.503891	0.509170
16.579988	0.815389	1588.106379	808.486452	0.509088
16.599988	0.815024	1586.636638	808.413763	0.509514
16.619988	0.814930	1586.850347	808.392379	0.509432
16.639988	0.814836	1587.063626	808.371024	0.509350
16.659988	0.812429	1587.544213	811.928585	0.511437
16.679988	0.812335	1587.753614	811.904236	0.511354
16.699988	0.812242	1587.962604	811.879913	0.511271
16.719988	0.808317	1590.533856	818.538711	0.514631
16.739988	0.808224	1590.741420	818.512896	0.514548
16.759988	0.803295	1595.165421	827.564554	0.518795
16.779988	0.803202	1595.373902	827.538922	0.518712
16.799988	0.803109	1595.581976	827.513300	0.518628
16.819988	0.797578	1601.444309	838.279989	0.523452
16.839988	0.797486	1601.655146	838.256007	0.523369
16.859988	0.797393	1601.865575	838.232032	0.523285
16.879988	0.791446	1608.865537	850.380370	0.528559
16.899988	0.791354	1609.080090	850.359177	0.528475
16.919988	0.784897	1617.281198	864.144683	0.534319
16.939988	0.784806	1617.501135	864.127319	0.534236
16.959988	0.784714	1617.720639	864.109954	0.534153
16.979988	0.777412	1627.639987	880.429512	0.540924
16.999988	0.777320	1627.866460	880.417277	0.540841
17.019988	0.777229	1628.092482	880.405040	0.540759
17.039988	0.768591	1640.616596	900.675752	0.548986
17.059988	0.768500	1640.851855	900.670581	0.548904
17.079988	0.768410	1641.086632	900.665408	0.548823
17.099988	0.757968	1657.203304	926.473880	0.559059
17.119988	0.757878	1657.450222	926.478577	0.558978
17.139988	0.757788	1657.696608	926.483273	0.558898
17.159988	0.745285	1677.996961	959.081545	0.571563
17.179988	0.745195	1678.258225	959.099614	0.571485
17.199988	0.730877	1701.911515	998.277426	0.586562
17.219988	0.730788	1702.188208	998.312125	0.586488
17.239988	0.730698	1702.464141	998.346847	0.586413
17.259988	0.715242	1726.555925	1041.890436	0.603450
17.279988	0.715152	1726.842270	1041.943334	0.603381
17.299988	0.715061	1727.127695	1041.996319	0.603312
17.319988	0.699396	1746.404874	1085.197453	0.621389
17.339988	0.699301	1746.688210	1085.267307	0.621329
17.359988	0.699206	1746.970583	1085.337413	0.621268
17.379988	0.684203	1755.421003	1121.897683	0.639105
17.399989	0.684103	1755.686736	1121.981861	0.639056
17.419989	0.684002	1755.951918	1122.066637	0.639008
17.439989	0.670411	1749.739385	1146.147073	0.655039
17.459989	0.670308	1749.985459	1146.245134	0.655003
17.479989	0.670204	1750.232042	1146.344248	0.654967
17.499989	0.658836	1729.782356	1154.466200	0.667405
17.519989	0.658734	1730.023546	1154.579031	0.667378
17.539989	0.658634	1730.266437	1154.693185	0.667350
17.559989	0.650388	1699.846053	1146.548578	0.674501
17.579989	0.650294	1700.096237	1146.671781	0.674475
17.599989	0.650201	1700.348642	1146.796138	0.674448
17.619989	0.645987	1665.910847	1124.662475	0.675104
17.639989	0.645900	1666.168933	1124.784729	0.675072
17.659989	0.645815	1666.428946	1124.907649	0.675041
17.679989	0.646441	1634.013516	1092.898223	0.668843
17.699989	0.646359	1634.269918	1093.008095	0.668805
17.719989	0.646277	1634.527597	1093.118139	0.668767
17.739989	0.651927	1608.985139	1056.776102	0.656797
17.759989	0.651845	1609.233639	1056.868334	0.656753
17.779989	0.651764	1609.482845	1056.960430	0.656708
17.799989	0.661382	1592.844552	1021.847494	0.641524
17.819989	0.661299	1593.085381	1021.922949	0.641474
17.839989	0.661217	1593.326554	1021.998135	0.641424
17.859989	0.672891	1584.483777	991.530356	0.625775
17.879989	0.672806	1584.720092	991.592466	0.625721
17.899989	0.672722	1584.956551	991.654268	0.625667
17.919989	0.684747	1581.499777	966.709569	0.611261
17.939989	0.684661	1581.734582	966.761778	0.611204
17.959989	0.684575	1581.969422	966.813675	0.611146
17.979989	0.695825	1581.754719	947.052639	0.598735
17.999989	0.695738	1581.989984	947.097684	0.598675
18.019989	0.695651	1582.225219	947.142426	0.598614
18.039989	0.705378	1583.613095	931.961532	0.588503
18.059989	0.705290	1583.849661	932.001326	0.588441
18.079989	0.705202	1584.086149	932.040823	0.588378
18.099989	0.713159	1585.818583	920.419573	0.580407
18.119989	0.713071	1586.056199	920.454981	0.580342
18.139989	0.712983	1586.293692	920.490088	0.580277
18.159989	0.712894	1586.531042	920.524887	0.580212
18.179989	0.719845	1588.143823	910.632182	0.573394
18.199989	0.719756	1588.382014	910.663297	0.573328
18.219989	0.719666	1588.620022	910.694117	0.573261
18.239989	0.726684	1590.732596	901.271379	0.566576
18.259989	0.726595	1590.972817	901.300201	0.566509
18.279989	0.726506	1591.212842	901.328783	0.566441
18.299989	0.733474	1594.504517	893.184744	0.560164
18.319989	0.733386	1594.749360	893.214424	0.560097
18.339989	0.733298	1594.994011	893.243910	0.560030
18.359989	0.738670	1599.143818	888.294531	0.555481
18.379989	0.738583	1599.390926	888.323201	0.555413
18.399989	0.738495	1599.637812	888.351631	0.555345
18.419989	0.738408	1599.884462	888.379819	0.555277
18.439989	0.739561	1603.651234	889.121887	0.554436
18.459989	0.739472	1603.896946	889.147867	0.554367
18.479989	0.739383	1604.142378	889.173563	0.554298
18.499989	0.734319	1605.706771	897.375059	0.558866
18.519989	0.734230	1605.950342	897.401458	0.558798
18.539989	0.734140	1606.193570	897.427556	0.558729
18.559989	0.725439	1602.867058	907.690860	0.566292
18.579989	0.725349	1603.106158	907.718149	0.566225
18.599989	0.725259	1603.344824	907.745127	0.566157
18.619989	0.719836	1595.986888	910.210744	0.570312
18.639989	0.719744	1596.219353	910.235948	0.570245
18.659989	0.719652	1596.451308	910.260860	0.570178
18.679989	0.719560	1596.682741	910.285486	0.570110
18.699989	0.720242	1590.457801	904.115131	0.568462
18.719989	0.720147	1590.681572	904.133155	0.568394
18.739989	0.720051	1590.904779	904.150968	0.568325
18.759989	0.724193	1587.490769	894.103418	0.563218
18.779989	0.724090	1587.701630	894.110783	0.563148
18.799989	0.723986	1587.912141	894.118416	0.563078
18.819989	0.723882	1588.122316	894.126343	0.563008
18.839989	0.728390	1585.947694	883.289205	0.556947
18.859989	0.728287	1586.176533	883.329264	0.556892
18.879989	0.728185	1586.406586	883.371248	0.556838
18.899989	0.733128	1587.632540	876.673901	0.552189
18.919989	0.733084	1587.989217	876.850286	0.552176
18.939989	0.733042	1588.348870	877.029453	0.552164
18.959989	0.741116	1597.680364	879.263256	0.550337
18.979989	0.741163	1598.206191	879.591762	0.550362
18.999989	0.741210	1598.732370	879.920486	0.550386
19.019989	0.741256	1599.258774	880.249308	0.550411
19.039989	0.751585	1614.621185	889.103563	0.550658
19.059990	0.751602	1615.132868	889.433949	0.550688
19.079990	0.751616	1615.639361	889.759288	0.550717
19.099990	0.759328	1627.900609	897.165643	0.551118
19.119990	0.759229	1628.208957	897.295722	0.551094
19.139990	0.759129	1628.514714	897.417448	0.551065
19.159990	0.759029	1628.818152	897.530797	0.551032
19.179990	0.762568	1632.766433	896.778763	0.549239
19.199990	0.762447	1632.929314	896.603386	0.549077
19.219990	0.762332	1633.093760	896.418281	0.548908
19.239990	0.762222	1633.259363	896.223277	0.548733
19.259990	0.763497	1629.927237	885.629397	0.543355
19.279990	0.763422	1629.941925	885.110561	0.543032
19.299990	0.763349	1629.946523	884.578164	0.542704
19.319990	0.762177	1618.732288	865.215943	0.534502
19.339990	0.762008	1618.372016	864.345472	0.534083
19.359990	0.761828	1617.985678	863.460188	0.533664
19.379990	0.761638	1617.572586	862.560218	0.533244
19.399990	0.755287	1596.859542	836.947420	0.524121
19.419990	0.754797	1595.990781	835.840903	0.523713
19.439990	0.754286	1595.096767	834.729568	0.523310
19.459990	0.741760	1569.768543	809.381032	0.515605
19.479990	0.740912	1568.723832	808.381902	0.515312
19.499990	0.740046	1567.677198	807.395662	0.515027
19.519990	0.739164	1566.630309	806.423236	0.514750
19.539990	0.722937	1545.988057	788.768797	0.510204
19.559990	0.721913	1545.268056	788.214071	0.510082
19.579990	0.720887	1544.568827	787.682983	0.509969
19.599990	0.719860	1543.891148	787.175743	0.509865
19.619990	0.705470	1534.462597	780.771642	0.508824
19.639990	0.704584	1534.261381	780.729988	0.508864
19.659990	0.703713	1534.080085	780.709467	0.508911
19.679990	0.695395	1534.382469	783.870659	0.510870
19.699990	0.694862	1534.526647	784.224486	0.511053
19.719990	0.694352	1534.684034	784.595927	0.511243
19.739990	0.693868	1534.854913	784.985015	0.511439
19.759990	0.694013	1542.187993	796.049615	0.516182
19.779990	0.693963	1542.642524	796.779282	0.516503
19.799990	0.693940	1543.119979	797.528917	0.516829
19.819990	0.693946	1543.621491	798.298742	0.517160
19.839990	0.702345	1558.417496	816.668978	0.524037
19.859990	0.702730	1559.392001	817.826702	0.524452
19.879990	0.703135	1560.405545	819.008372	0.524869
19.899990	0.703559	1561.458727	820.214031	0.525287
19.919990	0.717549	1585.892101	845.857348	0.533364
19.939990	0.718158	1587.553442	847.468213	0.533820
19.959990	0.718772	1589.256373	849.101562	0.534276
19.979990	0.719389	1591.000309	850.756958	0.534731
19.999990	0.734958	1624.309797	881.871951	0.542921
20.019990	0.735538	1626.546386	883.813396	0.543368
20.039990	0.736109	1628.808877	885.765991	0.543812
20.059990	0.750360	1666.333465	918.193217	0.551026
20.079990	0.750765	1668.765200	920.183066	0.551416
20.099990	0.751155	1671.196171	922.166656	0.551800
20.119990	0.751531	1673.624298	924.142836	0.552181
20.139990	0.762998	1708.772154	952.595304	0.557474
20.159990	0.763173	1710.919404	954.310711	0.557777
20.179990	0.763334	1713.034766	956.003506	0.558076
20.199990	0.763481	1715.116419	957.673008	0.558372
20.219990	0.772212	1740.882764	977.488218	0.561490
20.239990	0.772198	1742.318431	978.718723	0.561734
20.259990	0.772174	1743.702778	979.921462	0.561977
20.279990	0.772141	1745.035209	981.096568	0.562222
20.299990	0.778984	1757.788904	990.625023	0.563563
20.319990	0.778866	1758.385671	991.369043	0.563795
20.339990	0.778745	1758.935314	992.091677	0.564030
20.359990	0.778621	1759.438996	992.793598	0.564267
20.379990	0.784707	1760.460276	993.033750	0.564076
20.399990	0.784588	1760.457250	993.422500	0.564298
20.419990	0.784472	1760.432432	993.800003	0.564520
20.439990	0.784360	1760.387928	994.166898	0.564743
20.459990	0.790641	1754.263737	986.897100	0.562571
20.479990	0.790600	1754.069072	987.055907	0.562724
20.499990	0.790567	1753.879516	987.209748	0.562872
20.519990	0.790542	1753.696627	987.358885	0.563016
20.539990	0.797262	1744.750191	973.833938	0.558151
20.559990	0.797318	1744.649895	973.810717	0.558170
20.579990	0.797383	1744.567556	973.783149	0.558180
20.599990	0.797455	1744.503628	973.751158	0.558182
20.619990	0.804137	1734.541815	954.594328	0.550344
20.639990	0.804251	1734.595408	954.376939	0.550201
20.659990	0.804370	1734.665490	954.152751	0.550050
20.679990	0.804494	1734.751685	953.921550	0.549889
20.699990	0.804622	1734.853571	953.683117	0.549720
20.719990	0.810379	1723.654585	929.386938	0.539196
20.739990	0.810484	1723.776953	928.948039	0.538903
20.759990	0.810589	1723.905832	928.499783	0.538602
20.779990	0.810694	1724.040446	928.041988	0.538295
20.799990	0.814712	1710.822774	900.349729	0.526267
20.819990	0.814742	1710.866064	899.713773	0.525882
20.839990	0.814769	1710.905520	899.068029	0.525493
20.859990	0.814791	1710.940368	898.412421	0.525099
20.879990	0.816771	1695.634916	869.348183	0.512698
20.899990	0.816690	1695.513856	868.568592	0.512275
20.919990	0.816602	1695.381495	867.780578	0.511850
20.939990	0.816507	1695.237213	866.984148	0.511423
20.959990	0.816570	1678.841767	838.941367	0.499714
20.979990	0.816367	1678.534216	838.086645	0.499297
20.999990	0.816156	1678.211127	837.225557	0.498880
21.019990	0.815937	1677.872035	836.358141	0.498464
21.039990	0.814553	1661.776172	811.175429	0.488138
21.059991	0.814239	1661.301699	810.304182	0.487753
21.079991	0.813917	1660.810046	809.428457	0.487370
21.099991	0.813587	1660.300937	808.548305	0.486989
21.119991	0.813249	1659.774113	807.663779	0.486611
21.139991	0.810920	1644.947512	786.147238	0.477916
21.159991	0.810512	1644.331474	785.296240	0.477578
21.179991	0.810096	1643.699190	784.442448	0.477242
21.199991	0.809674	1643.050668	783.585940	0.476909
21.219991	0.806973	1630.253723	765.796058	0.469740
21.239991	0.806508	1629.571089	764.994939	0.469446
21.259991	0.806038	1628.875914	764.192616	0.469153
21.279991	0.805563	1628.168480	763.389200	0.468864
21.299991	0.802772	1617.491545	748.778498	0.462926
21.319991	0.802280	1616.804519	748.045478	0.462669
21.339991	0.801784	1616.110288	747.312925	0.462415
21.359991	0.801284	1615.409317	746.580982	0.462162
21.379991	0.800781	1614.702090	745.849794	0.461912
21.399991	0.798049	1606.130962	733.887174	0.456929
21.419991	0.797551	1605.498602	733.241415	0.456706
21.439991	0.797052	1604.865382	732.598006	0.456486
21.459991	0.796552	1604.231833	731.957102	0.456266
21.479991	0.794007	1597.779262	722.216921	0.452013
21.499991	0.793529	1597.264048	721.677281	0.451821
21.519991	0.793052	1596.753190	721.141669	0.451630
21.539991	0.792576	1596.247155	720.610231	0.451440
21.559991	0.792100	1595.746404	720.083106	0.451252
21.579991	0.790004	1592.018825	712.849482	0.447764
21.599991	0.789566	1591.676012	712.444798	0.447607
21.619991	0.789131	1591.341699	712.045761	0.447450
21.639991	0.788697	1591.016208	711.652483	0.447294
21.659991	0.787431	1590.775992	707.633467	0.444835
21.679991	0.787046	1590.632058	707.384438	0.444719
21.699991	0.786665	1590.498561	707.142206	0.444604
21.719991	0.786286	1590.375680	706.906850	0.444490
21.739991	0.785910	1590.263582	706.678442	0.444378
21.759991	0.785994	1594.609061	707.135407	0.443454
21.779991	0.785673	1594.687812	707.070814	0.443391
21.799991	0.785355	1594.777586	707.013727	0.443331
21.819991	0.785040	1594.878449	706.964177	0.443272
21.839991	0.786837	1604.182584	712.710112	0.444282
21.859991	0.786577	1604.468397	712.830448	0.444278
21.879991	0.786321	1604.764820	712.958221	0.444276
21.899991	0.786067	1605.071861	713.093418	0.444275
21.919991	0.785815	1605.389521	713.236027	0.444276
21.939991	0.789535	1619.612180	724.561452	0.447367
21.959991	0.789334	1620.095298	724.857956	0.447417
21.979991	0.789135	1620.587976	725.160904	0.447468
21.999991	0.788938	1621.090166	725.470241	0.447520
22.019991	0.794373	1638.715775	741.025225	0.452199
22.039991	0.794217	1639.345375	741.446320	0.452282
22.059991	0.794062	1639.982733	741.872122	0.452366
22.079991	0.793909	1640.627757	742.302546	0.452450
22.099991	0.793757	1641.280347	742.737507	0.452535
22.119991	0.800462	1659.708444	759.991308	0.457907
22.139991	0.800338	1660.426705	760.475392	0.458000
22.159991	0.800216	1661.150141	760.962074	0.458093
22.179991	0.800094	1661.878621	761.451266	0.458187
22.199991	0.799974	1662.612015	761.942882	0.458281
22.219991	0.807191	1678.005575	777.291308	0.463223
22.239991	0.807087	1678.732420	777.768803	0.463307
22.259991	0.806984	1679.461742	778.247143	0.463391
22.279991	0.806880	1680.193410	778.726258	0.463474
22.299991	0.806777	1680.927289	779.206081	0.463557
22.319991	0.813693	1689.635375	789.371063	0.467184
22.339991	0.813597	1690.302072	789.790726	0.467248
22.359991	0.813502	1690.969143	790.210200	0.467312
22.379991	0.813406	1691.636477	790.629444	0.467375
22.399991	0.819224	1691.487308	793.666232	0.469212
22.419991	0.819130	1692.054782	794.002722	0.469254
22.439991	0.819035	1692.621515	794.338669	0.469295
22.459991	0.818940	1693.187431	794.674056	0.469336
22.479991	0.818845	1693.752455	795.008865	0.469377
22.499991	0.822928	1684.840130	790.885605	0.469413
22.519991	0.822832	1685.299529	791.133666	0.469432
22.539991	0.822735	1685.757747	791.381171	0.469451
22.559991	0.822638	1686.214739	791.628114	0.469471
22.579991	0.822541	1686.670457	791.874491	0.469490
22.599991	0.824463	1671.688681	782.789312	0.468263
22.619991	0.824364	1672.052399	782.957069	0.468261
22.639991	0.824264	1672.414948	783.124379	0.468260
22.659991	0.824164	1672.776301	783.291241	0.468258
22.679991	0.824064	1673.136429	783.457657	0.468257
22.699991	0.823646	1656.368560	773.068671	0.466725
22.719991	0.823545	1656.658572	773.170813	0.466705
22.739991	0.823443	1656.947590	773.272614	0.466685
22.759991	0.823341	1657.235596	773.374077	0.466665
22.779991	0.823238	1657.522574	773.475203	0.466645
22.799991	0.820568	1643.266360	765.546814	0.465869
22.819991	0.820465	1643.505676	765.600107	0.465834
22.839991	0.820361	1643.744188	765.653134	0.465798
22.859991	0.820258	1643.981883	765.705897	0.465763
22.879991	0.820154	1644.218748	765.758399	0.465728
22.899991	0.815586	1635.251138	762.740286	0.466436
22.919991	0.815482	1635.459349	762.760358	0.466389
22.939991	0.815379	1635.666908	762.780212	0.466342
22.959991	0.815274	1635.873803	762.799849	0.466295
22.979991	0.815170	1636.080026	762.819271	0.466248
22.999991	0.809266	1632.982747	765.189387	0.468584
23.019991	0.809162	1633.174314	765.188766	0.468529
23.039991	0.809058	1633.365337	765.187952	0.468473
23.059991	0.808953	1633.555806	765.186948	0.468418
23.079991	0.808848	1633.745713	765.185756	0.468363
23.099991	0.802206	1635.543185	771.988729	0.472008
23.119991	0.802102	1635.727850	771.976500	0.471947
23.139991	0.801998	1635.912042	771.964091	0.471886
23.159991	0.801893	1636.095752	771.951505	0.471825
23.179991	0.801788	1636.278971	771.938744	0.471765
23.199991	0.801684	1636.461691	771.925808	0.471704
23.219991	0.794837	1641.487790	781.571151	0.476136
23.239991	0.794733	1641.671057	781.553178	0.476072
23.259991	0.794629	1641.853884	781.535032	0.476008
23.279991	0.794525	1642.036262	781.516714	0.475944
23.299991	0.794420	1642.218183	781.498226	0.475880
23.319991	0.787806	1648.869716	792.419339	0.480583
23.339991	0.787702	1649.055353	792.399613	0.480517
23.359991	0.787598	1649.240567	792.379712	0.480451
23.379991	0.787494	1649.425350	792.359638	0.480385
23.399991	0.787389	1649.609694	792.339392	0.480319
23.419991	0.781451	1656.481909	803.016993	0.484773
23.439991	0.781347	1656.671371	802.997743	0.484706
23.459991	0.781243	1656.860408	802.978315	0.484638
23.479991	0.781138	1657.049012	802.958710	0.484571
23.499991	0.781034	1657.237174	802.938929	0.484505
23.519991	0.776223	1663.166767	811.951228	0.488196
23.539992	0.776118	1663.360063	811.933442	0.488128
23.559992	0.776014	1663.552916	811.915473	0.488061
23.579992	0.775909	1663.745316	811.897325	0.487994
23.599992	0.775804	1663.937254	811.878999	0.487926
23.619992	0.775699	1664.128724	811.860496	0.487859
23.639992	0.772401	1668.360144	818.110276	0.490368
23.659992	0.772296	1668.555718	818.093814	0.490301
23.679992	0.772190	1668.750808	818.077173	0.490233
23.699992	0.772084	1668.945406	818.060355	0.490166
23.719992	0.771978	1669.139504	818.043363	0.490099
23.739992	0.770322	1671.466947	821.139832	0.491269
23.759992	0.770215	1671.663461	821.124316	0.491202
23.779992	0.770109	1671.859454	821.108628	0.491135
23.799992	0.770002	1672.054918	821.092771	0.491068
23.819992	0.769895	1672.249848	821.076747	0.491001
23.839992	0.769787	1672.444236	821.060559	0.490934
23.859992	0.769459	1673.168847	821.572141	0.491028
23.879992	0.769351	1673.363530	821.556482	0.490961
23.899992	0.769242	1673.557651	821.540667	0.490895
23.919992	0.769134	1673.751203	821.524699	0.490828
23.939992	0.769025	1673.944180	821.508583	0.490762
23.959992	0.769191	1673.695032	820.919149	0.490483
23.979992	0.769081	1673.885963	820.902259	0.490417
23.999992	0.768971	1674.076305	820.885231	0.490351
24.019992	0.768861	1674.266053	820.868069	0.490285
24.039992	0.768751	1674.455202	820.850776	0.490220
24.059992	0.768640	1674.643748	820.833357	0.490154
24.079992	0.768198	1674.253443	821.046219	0.490395
24.099992	0.768086	1674.437880	821.026422	0.490330
24.119992	0.767975	1674.621711	821.006507	0.490264
24.139992	0.767863	1674.804933	820.986478	0.490198
24.159992	0.767750	1674.987543	820.966340	0.490133
24.179992	0.765655	1675.684826	823.999237	0.491739
24.199992	0.765543	1675.862761	823.975478	0.491672
24.219992	0.765430	1676.040090	823.951612	0.491606
24.239992	0.765317	1676.216813	823.927643	0.491540
24.259992	0.765203	1676.392927	823.903575	0.491474
24.279992	0.765089	1676.568431	823.879412	0.491408
24.299992	0.760727	1679.864317	831.477170	0.494967
24.319992	0.760614	1680.036999	831.449641	0.494900
24.339992	0.760500	1680.209080	831.422011	0.494832
24.359992	0.760386	1680.380557	831.394284	0.494765
24.379992	0.760271	1680.551431	831.366464	0.494699
24.399992	0.760157	1680.721700	831.338555	0.494632
24.419992	0.753607	1687.554065	844.215377	0.500260
24.439992	0.753493	1687.725092	844.186152	0.500192
24.459992	0.753379	1687.895512	844.156825	0.500124
24.479992	0.753264	1688.065325	844.127400	0.500056
24.499992	0.753149	1688.234530	844.097881	0.499989
24.519992	0.745142	1697.956796	861.196044	0.507195
24.539992	0.745027	1698.130000	861.167937	0.507127
24.559992	0.744912	1698.302577	861.139719	0.507059
24.579992	0.744797	1698.474528	861.111395	0.506991
24.599992	0.744682	1698.645851	861.082969	0.506923
24.619992	0.744566	1698.816546	861.054446	0.506855
24.639992	0.736205	1709.326500	879.698446	0.514646
24.659992	0.736090	1709.502402	879.673287	0.514579
24.679992	0.735974	1709.677643	879.648015	0.514511
24.699992	0.735858	1709.852222	879.622634	0.514444
24.719992	0.735741	1710.026141	879.597149	0.514376
24.739992	0.735625	1710.199399	879.571566	0.514309
24.759992	0.727842	1719.391604	897.036016	0.521717
24.779992	0.727725	1719.569165	897.014418	0.521651
24.799992	0.727608	1719.746026	896.992710	0.521584
24.819992	0.727490	1719.922187	896.970900	0.521518
24.839992	0.727372	1720.097650	896.948992	0.521452
24.859992	0.727254	1720.272417	896.926992	0.521387
24.879992	0.720433	1727.322308	911.941455	0.527951
24.899992	0.720314	1727.499552	911.923123	0.527886
24.919992	0.720195	1727.676063	911.904697	0.527822
24.939992	0.720075	1727.851845	911.886184	0.527757
24.959992	0.719955	1728.026901	911.867588	0.527693
24.979992	0.719834	1728.201234	911.848917	0.527629
24.994997	0.713722	1733.638925	925.103090	0.533619
