1.492537e+03
1.490316e+03
1.485887e+03
1.481485e+03
1.477108e+03
1.472757e+03
1.468432e+03
1.464132e+03
1.459857e+03
1.455607e+03
1.451382e+03
1.447181e+03
1.443004e+03
1.438852e+03
1.434723e+03
1.430618e+03
1.426536e+03
1.422478e+03
1.418443e+03
1.414430e+03
1.410440e+03
1.406473e+03
1.402527e+03
1.398604e+03
1.394703e+03
1.390823e+03
1.386965e+03
1.383129e+03
1.379313e+03
1.375518e+03
1.371745e+03
1.367992e+03
1.364259e+03
1.360547e+03
1.356855e+03
1.353182e+03
1.349530e+03
1.345897e+03
1.342284e+03
1.338690e+03
1.335116e+03
1.331560e+03
1.328024e+03
1.324506e+03
1.321006e+03
1.317525e+03
1.314063e+03
1.310618e+03
1.307192e+03
1.303783e+03
1.300392e+03
1.297019e+03
1.293663e+03
1.290325e+03
1.287003e+03
1.283699e+03
1.280412e+03
1.277141e+03
1.273887e+03
1.270650e+03
1.267429e+03
1.264225e+03
1.261036e+03
1.257864e+03
1.254707e+03
1.251566e+03
1.248441e+03
1.245332e+03
1.242238e+03
1.239159e+03
1.236096e+03
1.233047e+03
1.230014e+03
1.226996e+03
1.223992e+03
1.221003e+03
1.218029e+03
1.215069e+03
1.212123e+03
1.209192e+03
1.206274e+03
1.203371e+03
1.200482e+03
1.197607e+03
1.194745e+03
1.191897e+03
1.189062e+03
1.186241e+03
1.183434e+03
1.180639e+03
1.177858e+03
1.175090e+03
1.172335e+03
1.169592e+03
1.166863e+03
1.164146e+03
1.161442e+03
1.158750e+03
1.156071e+03
1.153404e+03
1.150750e+03
1.148107e+03
1.145477e+03
1.142859e+03
1.140252e+03
1.137658e+03
1.135075e+03
1.132504e+03
1.129945e+03
1.127397e+03
1.124861e+03
1.122336e+03
1.119822e+03
1.117320e+03
1.114829e+03
1.112348e+03
1.109879e+03
1.107421e+03
1.104974e+03
1.102537e+03
1.100111e+03
1.097696e+03
1.095292e+03
1.092897e+03
1.090514e+03
1.088141e+03
1.085778e+03
1.083425e+03
1.081082e+03
1.078750e+03
1.076428e+03
1.074115e+03
1.071813e+03
1.069520e+03
1.067237e+03
1.064964e+03
1.062700e+03
1.060447e+03
1.058202e+03
1.055967e+03
1.053742e+03
1.051526e+03
1.049319e+03
1.047122e+03
1.044933e+03
1.042754e+03
1.040584e+03
1.038423e+03
1.036271e+03
1.034127e+03
1.031993e+03
1.029867e+03
1.027750e+03
1.025642e+03
1.023543e+03
1.021452e+03
1.019369e+03
1.017295e+03
1.015229e+03
1.013172e+03
1.011123e+03
1.009083e+03
1.007050e+03
1.005026e+03
1.003010e+03
1.001002e+03
9.990020e+02
9.970100e+02
9.950259e+02
9.930496e+02
9.910813e+02
9.891207e+02
9.871678e+02
9.852226e+02
9.832851e+02
9.813552e+02
9.794329e+02
9.775180e+02
9.756107e+02
9.737108e+02
9.718182e+02
9.699330e+02
9.680551e+02
9.661845e+02
9.643211e+02
9.624648e+02
9.606157e+02
9.587737e+02
9.569387e+02
9.551107e+02
9.532897e+02
9.514756e+02
9.496685e+02
9.478682e+02
9.460746e+02
9.442879e+02
9.425079e+02
9.407346e+02
9.389680e+02
9.372079e+02
9.354545e+02
9.337076e+02
9.319673e+02
9.302334e+02
9.285059e+02
9.267849e+02
9.250702e+02
9.233618e+02
9.216598e+02
9.199640e+02
9.182744e+02
9.165911e+02
9.149138e+02
9.132428e+02
9.115778e+02
9.099189e+02
9.082660e+02
9.066191e+02
9.049781e+02
9.033431e+02
9.017140e+02
9.000907e+02
8.984733e+02
8.968617e+02
8.952559e+02
8.936558e+02
8.920614e+02
8.904727e+02
8.888896e+02
8.873121e+02
8.857403e+02
8.841740e+02
8.826132e+02
8.810580e+02
8.795082e+02
8.779638e+02
8.764249e+02
8.748913e+02
8.733631e+02
8.718402e+02
8.703227e+02
8.688104e+02
8.673033e+02
8.658015e+02
8.643049e+02
8.628134e+02
8.613271e+02
8.598459e+02
8.583697e+02
8.568987e+02
8.554326e+02
8.539716e+02
8.525155e+02
8.510644e+02
8.496183e+02
8.481770e+02
8.467407e+02
8.453091e+02
8.438825e+02
8.424606e+02
8.410435e+02
8.396312e+02
8.382236e+02
8.368207e+02
8.354225e+02
8.340289e+02
8.326400e+02
8.312558e+02
8.298761e+02
8.285010e+02
8.271304e+02
8.257644e+02
8.244029e+02
8.230458e+02
8.216932e+02
8.203451e+02
8.190014e+02
8.176620e+02
8.163271e+02
8.149965e+02
8.136702e+02
8.123482e+02
8.110305e+02
8.097171e+02
8.084080e+02
8.071030e+02
8.058023e+02
8.045057e+02
8.032134e+02
8.019251e+02
8.006410e+02
7.993610e+02
7.980851e+02
7.968133e+02
7.955455e+02
7.942817e+02
7.930219e+02
7.917661e+02
7.905143e+02
7.892665e+02
7.880226e+02
7.867825e+02
7.855464e+02
7.843142e+02
7.830858e+02
7.818613e+02
7.806406e+02
7.794237e+02
7.782106e+02
7.770012e+02
7.757957e+02
7.745938e+02
7.733957e+02
7.722012e+02
7.710105e+02
7.698234e+02
7.686400e+02
7.674602e+02
7.662840e+02
7.651114e+02
7.639424e+02
7.627770e+02
7.616151e+02
7.604567e+02
7.593019e+02
7.581505e+02
7.570027e+02
7.558583e+02
7.547174e+02
7.535799e+02
7.524459e+02
7.513152e+02
7.501880e+02
7.490641e+02
7.479436e+02
7.468264e+02
7.457126e+02
7.446021e+02
7.434948e+02
7.423909e+02
7.412903e+02
7.401929e+02
7.390987e+02
7.380078e+02
7.369201e+02
7.358356e+02
7.347543e+02
7.336761e+02
7.326011e+02
7.315293e+02
7.304606e+02
7.293950e+02
7.283325e+02
7.272731e+02
7.262168e+02
7.251635e+02
7.241133e+02
7.230662e+02
7.220220e+02
7.209809e+02
7.199428e+02
7.189076e+02
7.178755e+02
7.168462e+02
7.158200e+02
7.147966e+02
7.137762e+02
7.127587e+02
7.117441e+02
7.107324e+02
7.097236e+02
7.087176e+02
7.077144e+02
7.067141e+02
7.057167e+02
7.047220e+02
7.037301e+02
7.027410e+02
7.017547e+02
7.007712e+02
6.997904e+02
6.988124e+02
6.978370e+02
6.968644e+02
6.958946e+02
6.949274e+02
6.939629e+02
6.930010e+02
6.920419e+02
6.910853e+02
6.901315e+02
6.891802e+02
6.882316e+02
6.872855e+02
6.863421e+02
6.854013e+02
6.844630e+02
6.835273e+02
6.825942e+02
6.816636e+02
6.807355e+02
6.798100e+02
6.788869e+02
6.779664e+02
6.770484e+02
6.761328e+02
6.752198e+02
6.743091e+02
6.734010e+02
6.724953e+02
6.715920e+02
6.706911e+02
6.697927e+02
6.688966e+02
6.680030e+02
6.671117e+02
6.662228e+02
6.653363e+02
6.644521e+02
6.635703e+02
6.626908e+02
6.618137e+02
6.609388e+02
6.600663e+02
6.591961e+02
6.583281e+02
6.574625e+02
6.565991e+02
6.557380e+02
6.548791e+02
6.540225e+02
6.531681e+02
6.523160e+02
6.514661e+02
6.506184e+02
6.497729e+02
6.489295e+02
6.480884e+02
6.472495e+02
6.464127e+02
6.455781e+02
6.447456e+02
6.439153e+02
6.430871e+02
6.422610e+02
6.414371e+02
6.406153e+02
6.397955e+02
6.389779e+02
6.381624e+02
6.373489e+02
6.365375e+02
6.357282e+02
6.349209e+02
6.341157e+02
6.333125e+02
6.325113e+02
6.317122e+02
6.309151e+02
6.301200e+02
6.293269e+02
6.285358e+02
6.277466e+02
6.269595e+02
6.261743e+02
6.253911e+02
6.246099e+02
6.238306e+02
6.230532e+02
6.222778e+02
6.215043e+02
6.207327e+02
6.199630e+02
6.191953e+02
6.184294e+02
6.176655e+02
6.169034e+02
6.161432e+02
6.153848e+02
6.146284e+02
6.138738e+02
6.131210e+02
6.123701e+02
6.116210e+02
6.108738e+02
6.101284e+02
6.093847e+02
6.086430e+02
6.079030e+02
6.071648e+02
6.064284e+02
6.056937e+02
6.049609e+02
6.042298e+02
6.035005e+02
6.027730e+02
6.020472e+02
6.013231e+02
6.006008e+02
5.998802e+02
5.991614e+02
5.984443e+02
5.977288e+02
5.970151e+02
5.963031e+02
5.955928e+02
5.948842e+02
5.941773e+02
5.934720e+02
5.927684e+02
5.920665e+02
5.913663e+02
5.906677e+02
5.899707e+02
5.892754e+02
5.885817e+02
5.878897e+02
5.871993e+02
5.865105e+02
5.858233e+02
5.851377e+02
5.844537e+02
5.837714e+02
5.830906e+02
5.824114e+02
5.817338e+02
5.810577e+02
5.803832e+02
5.797103e+02
5.790390e+02
5.783692e+02
5.777009e+02
5.770342e+02
5.763691e+02
5.757054e+02
5.750433e+02
5.743827e+02
5.737237e+02
5.730661e+02
5.724100e+02
5.717555e+02
5.711024e+02
5.704508e+02
5.698008e+02
5.691521e+02
5.685050e+02
5.678594e+02
5.672152e+02
5.665724e+02
5.659311e+02
5.652913e+02
5.646529e+02
5.640160e+02
5.633805e+02
5.627464e+02
5.621137e+02
5.614825e+02
5.608527e+02
5.602243e+02
5.595973e+02
5.589717e+02
5.583475e+02
5.577247e+02
5.571032e+02
5.564832e+02
5.558645e+02
5.552473e+02
5.546313e+02
5.540168e+02
5.534036e+02
5.527918e+02
5.521813e+02
5.515721e+02
5.509644e+02
5.503579e+02
5.497528e+02
5.491490e+02
5.485465e+02
5.479454e+02
5.473455e+02
5.467470e+02
5.461498e+02
5.455539e+02
5.449593e+02
5.443660e+02
5.437740e+02
5.431832e+02
5.425938e+02
5.420056e+02
5.414187e+02
5.408330e+02
5.402487e+02
5.396656e+02
5.390837e+02
5.385031e+02
5.379238e+02
5.373457e+02
5.367688e+02
5.361932e+02
5.356188e+02
5.350456e+02
5.344737e+02
5.339030e+02
5.333335e+02
5.327652e+02
5.321981e+02
5.316323e+02
5.310676e+02
5.305041e+02
5.299419e+02
5.293808e+02
5.288209e+02
5.282622e+02
5.277046e+02
5.271483e+02
5.265931e+02
5.260391e+02
5.254862e+02
5.249345e+02
5.243840e+02
5.238346e+02
5.232864e+02
5.227393e+02
5.221934e+02
5.216486e+02
5.211049e+02
5.205623e+02
5.200209e+02
5.194807e+02
5.189415e+02
5.184035e+02
5.178665e+02
5.173307e+02
5.167960e+02
5.162624e+02
5.157299e+02
5.151985e+02
5.146682e+02
5.141390e+02
5.136108e+02
5.130838e+02
5.125578e+02
5.120329e+02
5.115091e+02
5.109863e+02
5.104647e+02
5.099440e+02
5.094245e+02
5.089060e+02
5.083885e+02
5.078721e+02
5.073568e+02
5.068425e+02
5.063292e+02
5.058170e+02
5.053058e+02
5.047957e+02
5.042866e+02
5.037785e+02
5.032714e+02
5.027653e+02
5.022603e+02
5.017563e+02
5.012533e+02
5.007513e+02
5.002503e+02
4.997502e+02
4.992512e+02
4.987532e+02
4.982562e+02
4.977602e+02
4.972652e+02
4.967711e+02
4.962780e+02
4.957859e+02
4.952948e+02
4.948047e+02
4.943155e+02
4.938273e+02
4.933400e+02
4.928537e+02
4.923684e+02
4.918840e+02
4.914006e+02
4.909181e+02
4.904366e+02
4.899560e+02
4.894764e+02
4.889977e+02
4.885199e+02
4.880431e+02
4.875672e+02
4.870922e+02
4.866181e+02
4.861450e+02
4.856728e+02
4.852015e+02
4.847311e+02
4.842616e+02
4.837930e+02
4.833254e+02
4.828586e+02
4.823928e+02
4.819278e+02
4.814638e+02
4.810006e+02
4.805383e+02
4.800769e+02
4.796164e+02
4.791568e+02
4.786981e+02
4.782402e+02
4.777832e+02
4.773271e+02
4.768718e+02
4.764174e+02
4.759639e+02
4.755113e+02
4.750595e+02
4.746086e+02
4.741585e+02
4.737092e+02
4.732609e+02
4.728133e+02
4.723667e+02
4.719208e+02
4.714758e+02
4.710317e+02
4.705883e+02
4.701458e+02
4.697042e+02
4.692634e+02
4.688234e+02
4.683842e+02
4.679458e+02
4.675083e+02
4.670716e+02
4.666357e+02
4.662006e+02
4.657663e+02
4.653328e+02
4.649001e+02
4.644683e+02
4.640372e+02
4.636070e+02
4.631775e+02
4.627488e+02
4.623209e+02
4.618939e+02
4.614676e+02
4.610421e+02
4.606173e+02
4.601934e+02
4.597702e+02
4.593478e+02
4.589262e+02
4.585054e+02
4.580853e+02
4.576660e+02
4.572475e+02
4.568297e+02
4.564127e+02
4.559964e+02
4.555810e+02
4.551662e+02
4.547523e+02
4.543390e+02
4.539266e+02
4.535148e+02
4.531039e+02
4.526936e+02
4.522841e+02
4.518754e+02
4.514674e+02
4.510601e+02
4.506535e+02
4.502477e+02
4.498426e+02
4.494383e+02
4.490347e+02
4.486318e+02
4.482296e+02
4.478281e+02
4.474274e+02
4.470274e+02
4.466280e+02
4.462295e+02
4.458316e+02
4.454344e+02
4.450379e+02
4.446422e+02
4.442471e+02
4.438527e+02
4.434591e+02
4.430661e+02
4.426738e+02
4.422823e+02
4.418914e+02
4.415012e+02
4.411117e+02
4.407229e+02
4.403347e+02
4.399473e+02
4.395605e+02
4.391744e+02
4.387890e+02
4.384043e+02
4.380202e+02
4.376368e+02
4.372541e+02
4.368721e+02
4.364907e+02
4.361100e+02
4.357299e+02
4.353505e+02
4.349718e+02
4.345937e+02
4.342163e+02
4.338396e+02
4.334635e+02
4.330880e+02
4.327132e+02
4.323390e+02
4.319655e+02
4.315927e+02
4.312204e+02
4.308489e+02
4.304779e+02
4.301076e+02
4.297379e+02
4.293689e+02
4.290005e+02
4.286327e+02
4.282656e+02
4.278991e+02
4.275332e+02
4.271680e+02
4.268033e+02
4.264393e+02
4.260759e+02
4.257131e+02
4.253510e+02
4.249895e+02
4.246285e+02
4.242682e+02
4.239085e+02
4.235494e+02
4.231909e+02
4.228331e+02
4.224758e+02
4.221191e+02
4.217630e+02
4.214076e+02
4.210527e+02
4.206984e+02
4.203448e+02
4.199917e+02
4.196392e+02
4.192873e+02
4.189360e+02
4.185853e+02
4.182351e+02
4.178856e+02
4.175366e+02
4.171882e+02
4.168404e+02
4.164932e+02
4.161466e+02
4.158005e+02
4.154550e+02
4.151101e+02
4.147657e+02
4.144220e+02
4.140787e+02
4.137361e+02
4.133940e+02
4.130525e+02
4.127116e+02
4.123712e+02
4.120314e+02
4.116921e+02
4.113534e+02
4.110153e+02
4.106777e+02
4.103407e+02
4.100042e+02
4.096682e+02
4.093329e+02
4.089980e+02
4.086637e+02
4.083300e+02
4.079968e+02
4.076642e+02
4.073320e+02
4.070005e+02
4.066694e+02
4.063390e+02
4.060090e+02
4.056796e+02
4.053507e+02
4.050223e+02
4.046945e+02
4.043672e+02
4.040405e+02
4.037142e+02
4.033885e+02
4.030633e+02
4.027387e+02
4.024146e+02
4.020909e+02
4.017678e+02
4.014453e+02
4.011232e+02
4.008017e+02
4.004806e+02
4.001601e+02
4.000000e+02
