1.000000	0.861663	53.075800	44.328400	0.835189
1.050000	0.860130	53.043600	44.735100	0.843365
1.100000	0.847292	51.015900	43.029100	0.843444
1.150000	0.809664	50.239300	41.868800	0.833389
1.200000	0.789151	47.815400	39.879900	0.834039
1.250000	0.779618	42.292400	35.005100	0.827692
1.300000	0.716256	41.710300	34.013000	0.815458
1.350000	0.721983	38.140000	31.190700	0.817795
1.400000	0.664951	37.697000	30.497100	0.809007
1.450000	0.684950	35.872900	29.343600	0.817987
1.500000	0.653544	38.225600	31.387900	0.821123
1.550000	0.673435	36.113800	29.958800	0.829566
1.600000	0.692624	40.409900	34.120700	0.844365
1.650000	0.674613	41.075500	34.948000	0.850824
1.700000	0.716133	42.288800	36.607700	0.865659
1.750000	0.737478	47.285200	41.437900	0.876339
1.800000	0.730393	48.971000	43.238000	0.882931
1.850000	0.750614	49.929200	44.657600	0.894419
1.900000	0.774672	54.309800	49.060900	0.903353
1.950000	0.780483	58.192800	52.819500	0.907664
2.000000	0.781818	58.911600	53.755100	0.912470
2.050000	0.795170	60.158600	55.328900	0.919717
2.100000	0.808667	63.584600	58.834600	0.925297
2.150000	0.813819	67.085900	62.272800	0.928255
2.200000	0.812741	68.574800	63.796300	0.930317
2.250000	0.814527	68.538700	63.981800	0.933514
2.300000	0.822423	69.311300	64.965000	0.937294
2.350000	0.831356	71.351100	67.083600	0.940190
2.400000	0.836941	73.685500	69.403700	0.941891
2.450000	0.837830	75.176900	70.885200	0.942912
2.500000	0.835567	75.302300	71.092400	0.944093
2.550000	0.833485	74.702200	70.660400	0.945895
2.600000	0.833836	74.408800	70.535800	0.947950
2.650000	0.836605	74.803000	71.036100	0.949643
2.700000	0.840604	75.655900	71.925800	0.950696
2.750000	0.844445	76.516300	72.780900	0.951182
2.800000	0.846988	76.945300	73.203100	0.951366
2.850000	0.847668	76.702600	72.989100	0.951585
2.900000	0.846650	75.885300	72.250500	0.952102
2.950000	0.844624	74.847900	71.327600	0.952967
3.000000	0.842363	73.938600	70.538900	0.954021
3.050000	0.840427	73.320200	70.022800	0.955028
3.100000	0.839108	72.976000	69.751300	0.955812
3.150000	0.838482	72.790000	69.608400	0.956291
3.200000	0.838458	72.612700	69.452000	0.956472
3.250000	0.838830	72.303600	69.152700	0.956422
3.300000	0.839327	71.763100	68.623000	0.956244
3.350000	0.839689	70.958300	67.839900	0.956053
3.400000	0.839731	69.930400	66.849700	0.955947
3.450000	0.839366	68.774800	65.747700	0.955985
3.500000	0.838597	67.601600	64.638900	0.956174
3.550000	0.837479	66.498500	63.604300	0.956477
3.600000	0.836087	65.513100	62.685300	0.956837
3.650000	0.834501	64.654000	61.886200	0.957191
3.700000	0.832793	63.902400	61.185800	0.957489
3.750000	0.831024	63.223700	60.549100	0.957696
3.800000	0.829239	62.577700	59.936700	0.957797
3.850000	0.827459	61.924800	59.310800	0.957788
3.900000	0.825684	61.230800	58.639400	0.957679
3.950000	0.823890	60.470800	57.900100	0.957489
4.000000	0.822041	59.631400	57.081800	0.957244
4.050000	0.820098	58.712100	56.185800	0.956971
4.100000	0.818035	57.724100	55.224500	0.956697
4.150000	0.815849	56.688500	54.219500	0.956445
4.200000	0.813561	55.631300	53.196300	0.956231
4.250000	0.811217	54.579200	52.181200	0.956063
4.300000	0.808879	53.556000	51.196400	0.955941
4.350000	0.806615	52.579400	50.258600	0.955861
4.400000	0.804484	51.660000	49.377200	0.955811
4.450000	0.802534	50.801900	48.555400	0.955779
4.500000	0.800792	50.003600	47.791000	0.955751
4.550000	0.799266	49.259200	47.077800	0.955715
4.600000	0.797946	48.560400	46.407200	0.955659
4.650000	0.796809	47.897300	45.769500	0.955576
4.700000	0.795822	47.259400	45.154500	0.955459
4.750000	0.794945	46.636900	44.552500	0.955306
4.800000	0.794135	46.020700	43.955000	0.955114
4.850000	0.793348	45.402800	43.354400	0.954884
4.900000	0.792540	44.776700	42.744600	0.954617
4.950000	0.791664	44.137600	42.121300	0.954317
5.040300	0.790230	42.699600	40.632100	0.951581
5.081300	0.789926	41.714900	39.519300	0.947367
5.123000	0.789230	40.804400	38.508200	0.943726
5.165300	0.788330	39.854500	37.442800	0.939488
5.208300	0.787160	38.891500	36.355100	0.934782
5.252100	0.785658	37.940600	35.282700	0.929944
5.296600	0.783887	36.971200	34.168700	0.924199
5.341900	0.781772	36.004900	33.060100	0.918210
5.387900	0.779317	35.072200	31.981500	0.911879
5.434800	0.776590	34.142900	30.884400	0.904563
5.482500	0.773584	33.239200	29.801700	0.896583
5.531000	0.770299	32.386700	28.773500	0.888437
5.580400	0.766820	31.570200	27.768700	0.879585
5.630600	0.763226	30.777400	26.764300	0.869608
5.681800	0.759550	30.031200	25.792300	0.858851
5.733900	0.755786	29.344000	24.889800	0.848206
5.787000	0.752081	28.695000	24.001500	0.836435
5.841100	0.748442	28.091900	23.152000	0.824154
5.896200	0.744828	27.542000	22.376900	0.812463
5.952400	0.741314	27.029800	21.646800	0.800848
6.009600	0.737958	26.544100	20.942400	0.788968
6.068000	0.734700	26.084800	20.290400	0.777864
6.127500	0.731523	25.642600	19.691200	0.767910
6.188100	0.728468	25.196200	19.119700	0.758832
6.250000	0.725515	24.729900	18.574500	0.751094
6.313100	0.722665	24.243100	18.057900	0.744868
6.377600	0.720000	23.708700	17.533600	0.739545
6.443300	0.717540	23.114400	16.994300	0.735224
6.510400	0.715358	22.485500	16.437700	0.731037
6.578900	0.713468	21.796500	15.847500	0.727064
6.648900	0.711945	21.034700	15.196700	0.722458
6.720400	0.710757	20.232400	14.502400	0.716792
6.793500	0.709837	19.420900	13.781200	0.709606
6.868100	0.709185	18.565600	12.999100	0.700173
6.944400	0.708656	17.708000	12.184700	0.688091
7.022500	0.708020	16.897800	11.386100	0.673819
7.102300	0.707269	16.091500	10.550400	0.655651
7.183900	0.706129	15.335300	9.733120	0.634685
7.267400	0.704387	14.650200	8.972530	0.612452
7.352900	0.701966	14.020200	8.252620	0.588625
7.440500	0.698765	13.392300	7.540230	0.563025
7.530100	0.694621	12.777200	6.867650	0.537491
7.622000	0.689428	12.151900	6.244690	0.513885
7.716000	0.683026	11.447500	5.601600	0.489329
7.812500	0.675235	10.678300	4.945850	0.463168
7.911400	0.665975	9.890290	4.300680	0.434839
8.012800	0.654844	9.049000	3.605090	0.398397
8.116900	0.641820	8.239130	2.904180	0.352487
8.223700	0.627169	7.542260	2.251000	0.298452
8.333300	0.610790	6.973720	1.638380	0.234937
8.445900	0.592347	6.586800	1.068260	0.162182
8.561600	0.572461	6.519010	0.641560	0.098414
8.680600	0.552061	6.904480	0.458311	0.066379
8.802800	0.530679	8.106410	0.663604	0.081862
8.928600	0.510249	10.638800	1.559430	0.146580
9.058000	0.494578	15.090700	3.376740	0.223763
9.191200	0.488929	21.539600	5.895620	0.273711
9.328400	0.486487	27.236300	8.191800	0.300768
9.469700	0.483030	34.892300	12.024300	0.344613
9.615400	0.492078	43.368500	15.596900	0.359637
9.765600	0.496758	48.570500	17.792000	0.366313
9.920600	0.494468	52.130700	19.777700	0.379387
10.080600	0.487287	53.992000	21.256800	0.393703
10.245900	0.478471	55.317100	22.836300	0.412826
10.416700	0.473439	57.036000	25.016500	0.438609
10.593200	0.477519	60.415100	29.327700	0.485438
10.775900	0.503242	63.843700	36.843400	0.577087
10.964900	0.553236	51.932000	33.696700	0.648862
11.160700	0.527679	35.507600	24.025000	0.676615
11.363600	0.481935	26.309000	17.803900	0.676723
11.574100	0.438501	20.492400	13.421400	0.654942
11.792500	0.402238	16.751100	10.273400	0.613297
12.019200	0.372792	14.371300	8.007680	0.557200
12.254900	0.347220	12.730800	6.177710	0.485256
12.500000	0.325117	11.682000	4.776240	0.408853
12.755100	0.305578	10.972700	3.730410	0.339972
13.020800	0.287256	10.375200	2.859400	0.275599
13.297900	0.269416	9.880300	2.057030	0.208195
13.587000	0.252442	9.740030	1.388740	0.142580
13.888900	0.236920	10.296600	0.975072	0.094698
14.204500	0.222878	12.233500	0.967223	0.079064
14.534900	0.211195	16.403100	1.722900	0.105035
14.881000	0.202239	23.499000	3.562430	0.151599
15.243900	0.193991	33.233600	6.551970	0.197149
15.625000	0.184799	40.501300	9.266380	0.228792
16.025600	0.182607	41.205600	10.001500	0.242723
16.447400	0.187407	36.128700	8.610660	0.238333
16.891900	0.178488	28.163800	5.732750	0.203550
17.361100	0.160167	25.919800	4.247600	0.163875
17.857100	0.147972	27.308300	4.313450	0.157953
18.382400	0.138021	25.134100	3.559670	0.141627
18.939400	0.122099	24.424000	2.752090	0.112679
19.531200	0.104919	33.979100	4.943890	0.145498
20.161300	0.085672	48.586900	9.899470	0.203748
20.833300	0.067121	55.363300	14.027500	0.253372
21.551700	0.061395	49.356500	13.683100	0.277229
22.321400	0.064582	41.976600	11.973300	0.285237
23.148100	0.111238	31.746800	9.244630	0.291199
24.038500	0.130863	21.371300	5.889800	0.275594
25.000000	0.118119	18.692600	4.731850	0.253140
26.041700	0.115109	15.920700	4.048260	0.254276
27.173900	0.113914	10.399900	3.155050	0.303373
28.409100	0.098398	7.115640	2.308680	0.324452
29.761900	0.083376	5.316930	1.673810	0.314807
31.250000	0.069612	4.991910	1.186610	0.237707
32.894700	0.063867	6.484030	1.075500	0.165868
34.722200	0.060477	3.520790	0.863575	0.245279
36.764700	0.051018	2.569480	0.607370	0.236379
39.062500	0.043494	2.315930	0.437206	0.188782
41.666700	0.036757	2.825680	0.315608	0.111693
44.642900	0.034429	2.722370	0.281140	0.103270
48.076900	0.029470	1.589940	0.196454	0.123560
52.083300	0.024865	1.262260	0.137937	0.109278
56.818200	0.020694	0.997082	0.094301	0.094576
62.500000	0.016932	0.812658	0.062410	0.076797
69.444400	0.013498	0.750986	0.039296	0.052326
78.125000	0.010821	0.963786	0.025735	0.026701
89.285700	0.008544	0.518484	0.015666	0.030214
104.166700	0.006308	0.340551	0.008452	0.024818
125.000000	0.004383	0.265700	0.004060	0.015279
