8.000000e+01
8.800000e+01
1.040000e+02
1.200000e+02
1.360000e+02
1.520000e+02
1.680000e+02
1.840000e+02
2.000000e+02
2.160000e+02
2.320000e+02
2.480000e+02
2.640000e+02
2.800000e+02
2.960000e+02
3.120000e+02
3.280000e+02
3.440000e+02
3.600000e+02
3.760000e+02
3.920000e+02
4.080000e+02
4.240000e+02
4.400000e+02
4.560000e+02
4.720000e+02
4.880000e+02
5.040000e+02
5.200000e+02
5.360000e+02
5.520000e+02
5.680000e+02
5.840000e+02
6.000000e+02
6.160000e+02
6.320000e+02
6.480000e+02
6.640000e+02
6.800000e+02
6.960000e+02
7.120000e+02
7.280000e+02
7.440000e+02
7.600000e+02
7.760000e+02
7.920000e+02
8.080000e+02
8.240000e+02
8.400000e+02
8.560000e+02
8.720000e+02
8.880000e+02
9.040000e+02
9.200000e+02
9.360000e+02
9.520000e+02
9.680000e+02
9.840000e+02
1.000000e+03
1.016000e+03
1.032000e+03
1.048000e+03
1.064000e+03
1.080000e+03
1.096000e+03
1.112000e+03
1.128000e+03
1.144000e+03
1.160000e+03
1.176000e+03
1.192000e+03
1.208000e+03
1.224000e+03
1.240000e+03
1.256000e+03
1.272000e+03
1.288000e+03
1.304000e+03
1.320000e+03
1.336000e+03
1.352000e+03
1.368000e+03
1.384000e+03
1.400000e+03
1.416000e+03
1.432000e+03
1.448000e+03
1.464000e+03
1.480000e+03
1.496000e+03
1.512000e+03
1.528000e+03
1.544000e+03
1.560000e+03
1.576000e+03
1.592000e+03
1.608000e+03
1.624000e+03
1.640000e+03
1.656000e+03
1.672000e+03
1.688000e+03
1.704000e+03
1.720000e+03
1.736000e+03
1.752000e+03
1.768000e+03
1.784000e+03
1.800000e+03
1.816000e+03
1.832000e+03
1.848000e+03
1.864000e+03
1.880000e+03
1.896000e+03
1.912000e+03
1.928000e+03
1.944000e+03
1.960000e+03
1.976000e+03
2.002101e+03
2.030509e+03
2.051336e+03
2.072595e+03
2.094298e+03
2.116461e+03
2.139099e+03
2.162225e+03
2.185858e+03
2.210012e+03
2.234707e+03
2.259959e+03
2.285789e+03
2.312216e+03
2.339261e+03
2.366947e+03
2.395295e+03
2.424331e+03
2.454080e+03
2.484568e+03
2.515823e+03
2.547874e+03
2.580753e+03
2.614491e+03
2.649123e+03
2.684685e+03
2.721214e+03
2.758752e+03
2.797340e+03
2.837022e+03
2.877847e+03
2.919864e+03
2.963126e+03
3.007689e+03
3.053613e+03
3.100962e+03
3.149802e+03
3.200205e+03
3.252247e+03
3.306011e+03
3.361582e+03
3.419053e+03
3.478524e+03
3.540100e+03
3.603896e+03
3.670034e+03
3.738644e+03
3.809869e+03
3.883861e+03
3.960784e+03
4.040816e+03
4.124150e+03
4.210993e+03
4.301573e+03
4.396135e+03
4.494949e+03
4.598309e+03
4.706534e+03
4.819977e+03
4.939024e+03
5.064103e+03
5.195682e+03
5.334282e+03
5.480480e+03
5.634921e+03
5.798319e+03
5.971480e+03
6.155303e+03
6.350806e+03
6.559140e+03
6.781609e+03
7.019704e+03
7.275132e+03
7.549858e+03
7.846154e+03
8.166667e+03
8.514493e+03
8.893281e+03
9.307359e+03
9.761905e+03
1.026316e+04
