# Labradorite (An50-70) mid-IR optical constants, oriented triclinic components.
# Source: Ye, J.A. & Glotch, T.D. (2019) Earth & Space Science 6, 2410-2422, doi:10.1029/2019EA000915.
# Stony Brook Geosciences Research Data, commons.library.stonybrook.edu/geodata/6 (Labradorite_Data.zip:
#   Labradorite_mir_n.csv + Labradorite_mir_k.csv).
# n1/n2/n3, k1/k2/k3 are the three principal-axis (oriented) real/imag indices; orientation-average for random-grain Mie.
# columns: wavenumber_cm-1  wavelength_um  n1 n2 n3  k1 k2 k3
225.630000	44.320347	2.828700	1.940200	2.912400	1.786700	0.033175	0.057850
227.560000	43.944454	2.580800	1.944400	2.921300	1.716500	0.037042	0.059175
229.490000	43.574883	2.371300	1.948900	2.930400	1.594200	0.041734	0.060504
231.420000	43.211477	2.208700	1.953500	2.939700	1.439000	0.047487	0.061836
233.350000	42.854082	2.093400	1.958100	2.949100	1.267800	0.054623	0.063171
235.280000	42.502550	2.021500	1.962500	2.958700	1.093800	0.063588	0.064511
237.210000	42.156739	1.987000	1.966200	2.968600	0.926180	0.075018	0.065858
239.130000	41.818258	1.982600	1.968200	2.978500	0.770550	0.089849	0.067215
241.060000	41.483448	2.002500	1.966500	2.988700	0.628720	0.109420	0.068586
242.990000	41.153957	2.045400	1.955000	2.999000	0.500290	0.134520	0.069975
244.920000	40.829659	2.117100	1.922200	3.009500	0.395190	0.153770	0.071388
246.850000	40.510431	2.195200	1.886400	3.020200	0.333780	0.144480	0.072831
248.780000	40.196157	2.257200	1.867700	3.031000	0.295800	0.124370	0.074311
250.700000	39.888313	2.307400	1.860100	3.042100	0.267070	0.105330	0.075837
252.630000	39.583581	2.350200	1.858600	3.053300	0.243520	0.089462	0.077416
254.560000	39.283470	2.387900	1.860400	3.064700	0.223590	0.076715	0.079057
256.490000	38.987875	2.421900	1.863900	3.076300	0.206510	0.066596	0.080771
258.420000	38.696695	2.453200	1.868400	3.088100	0.191760	0.058585	0.082566
260.350000	38.409833	2.482200	1.873300	3.100100	0.179010	0.052239	0.084454
262.280000	38.127192	2.509400	1.878400	3.112400	0.167960	0.047200	0.086445
264.200000	37.850114	2.535100	1.883500	3.124900	0.158390	0.043190	0.088551
266.130000	37.575621	2.559500	1.888500	3.137700	0.150120	0.039994	0.090785
268.060000	37.305081	2.582800	1.893500	3.150800	0.142980	0.037447	0.093160
269.990000	37.038409	2.605200	1.898400	3.164100	0.136850	0.035423	0.095689
271.920000	36.775522	2.626900	1.903200	3.177800	0.131600	0.033824	0.098388
273.850000	36.516341	2.647800	1.908000	3.191800	0.127130	0.032574	0.101270
275.780000	36.260788	2.668200	1.912700	3.206200	0.123370	0.031617	0.104360
277.700000	36.010083	2.688200	1.917300	3.221000	0.120250	0.030906	0.107670
279.630000	35.761542	2.707700	1.921900	3.236200	0.117710	0.030407	0.111230
281.560000	35.516409	2.727000	1.926400	3.251800	0.115690	0.030092	0.115050
283.490000	35.274613	2.746000	1.931000	3.268000	0.114160	0.029940	0.119170
285.420000	35.036087	2.764900	1.935500	3.284700	0.113080	0.029936	0.123610
287.350000	34.800766	2.783700	1.940100	3.301900	0.112420	0.030068	0.128400
289.270000	34.569779	2.802400	1.944700	3.319800	0.112160	0.030327	0.133590
291.200000	34.340659	2.821100	1.949400	3.338300	0.112290	0.030708	0.139200
293.130000	34.114557	2.839900	1.954200	3.357500	0.112780	0.031207	0.145300
295.060000	33.891412	2.858900	1.959000	3.377500	0.113640	0.031825	0.151920
296.990000	33.671167	2.878000	1.963900	3.398400	0.114860	0.032563	0.159140
298.920000	33.453767	2.897300	1.968900	3.420100	0.116440	0.033424	0.167010
300.850000	33.239156	2.916900	1.974000	3.442800	0.118390	0.034414	0.175620
302.770000	33.028371	2.936800	1.979300	3.466600	0.120710	0.035542	0.185060
304.700000	32.819166	2.957100	1.984700	3.491400	0.123420	0.036818	0.195430
306.630000	32.612595	2.977800	1.990300	3.517500	0.126540	0.038256	0.206860
308.560000	32.408608	2.998900	1.996100	3.545000	0.130090	0.039873	0.219490
310.490000	32.207156	3.020600	2.002000	3.573800	0.134110	0.041688	0.233480
312.420000	32.008194	3.042900	2.008200	3.604200	0.138630	0.043726	0.249040
314.350000	31.811675	3.065800	2.014600	3.636300	0.143700	0.046018	0.266410
316.270000	31.618554	3.089400	2.021300	3.670200	0.149380	0.048599	0.285840
318.200000	31.426776	3.113800	2.028200	3.706000	0.155740	0.051514	0.307690
320.130000	31.237310	3.139000	2.035400	3.743800	0.162850	0.054815	0.332340
322.060000	31.050115	3.165000	2.042900	3.783800	0.170830	0.058569	0.360270
323.990000	30.865150	3.192000	2.050800	3.826000	0.179790	0.062853	0.392060
325.920000	30.682376	3.219900	2.058900	3.870500	0.189870	0.067765	0.428380
327.840000	30.502684	3.248900	2.067400	3.917300	0.201260	0.073422	0.470080
329.770000	30.324165	3.278900	2.076200	3.966100	0.214150	0.079969	0.518150
331.700000	30.147724	3.310000	2.085300	4.016600	0.228810	0.087580	0.573760
333.630000	29.973324	3.342000	2.094600	4.068200	0.245510	0.096467	0.638290
335.560000	29.800930	3.375000	2.103900	4.119800	0.264570	0.106880	0.713280
337.490000	29.630508	3.408500	2.113000	4.169700	0.286330	0.119110	0.800380
339.420000	29.462023	3.442400	2.121600	4.215400	0.311110	0.133450	0.901130
341.340000	29.296303	3.476100	2.129100	4.253400	0.339120	0.150220	1.016700
343.270000	29.131587	3.509000	2.134700	4.279000	0.370390	0.169620	1.147100
345.200000	28.968714	3.540500	2.137500	4.286400	0.404550	0.191640	1.290600
347.130000	28.807651	3.570100	2.136000	4.270100	0.440840	0.215830	1.442400
349.060000	28.648370	3.598300	2.128800	4.225700	0.478160	0.241010	1.594400
350.990000	28.490840	3.626400	2.115100	4.153500	0.515680	0.265170	1.735400
352.920000	28.335033	3.656800	2.094800	4.059900	0.553780	0.285550	1.853700
354.840000	28.181716	3.691800	2.069300	3.959200	0.594980	0.299460	1.941600
356.770000	28.029263	3.732100	2.041500	3.870500	0.644000	0.305150	2.000400
358.700000	27.878450	3.774600	2.014300	3.813000	0.706640	0.302300	2.044800
360.630000	27.729252	3.810700	1.990800	3.797000	0.786330	0.291760	2.105100
362.560000	27.581642	3.829300	1.973200	3.808400	0.877360	0.275300	2.226100
364.490000	27.435595	3.830300	1.962900	3.783900	0.964440	0.255450	2.443200
366.410000	27.291832	3.828100	1.960400	3.624900	1.042100	0.235160	2.717700
368.340000	27.148830	3.831700	1.964600	3.301000	1.120800	0.216980	2.916500
370.270000	27.007319	3.837700	1.973900	2.916900	1.211500	0.202580	2.933200
372.200000	26.867276	3.837400	1.986300	2.606000	1.319200	0.192730	2.790500
374.130000	26.728677	3.821300	2.000200	2.425900	1.443800	0.187550	2.576800
376.060000	26.591501	3.780000	2.014000	2.372400	1.581500	0.186550	2.370100
377.990000	26.455726	3.705500	2.026600	2.414700	1.723600	0.188530	2.224800
379.910000	26.322024	3.593600	2.038300	2.506300	1.856700	0.192100	2.176900
381.840000	26.188980	3.448900	2.050300	2.584600	1.964300	0.197120	2.239800
383.770000	26.057274	3.288400	2.063100	2.577300	2.038700	0.205060	2.384200
385.700000	25.926886	3.117300	2.075800	2.452900	2.088900	0.217630	2.526200
387.630000	25.797797	2.930300	2.085800	2.253600	2.104600	0.235710	2.594000
389.560000	25.669987	2.744700	2.090100	2.047100	2.072300	0.258940	2.571600
391.490000	25.543437	2.583100	2.085200	1.881700	1.996800	0.285180	2.488900
393.410000	25.418774	2.461100	2.068500	1.766700	1.894900	0.309430	2.387300
395.340000	25.294683	2.381900	2.040800	1.688100	1.790800	0.324100	2.291400
397.270000	25.171798	2.329600	2.009700	1.631300	1.704800	0.323170	2.208000
399.200000	25.050100	2.280300	1.985000	1.587200	1.636000	0.308000	2.139600
401.130000	24.929574	2.224300	1.972100	1.546000	1.565400	0.286020	2.088000
403.060000	24.810202	2.174500	1.969800	1.495100	1.478600	0.264260	2.048300
404.980000	24.692577	2.148300	1.974600	1.428900	1.380800	0.246270	2.005500
406.910000	24.575459	2.150500	1.983000	1.356100	1.287600	0.232800	1.946400
408.840000	24.459446	2.176100	1.992400	1.290000	1.211500	0.222940	1.869200
410.770000	24.344524	2.215800	2.001800	1.240200	1.160600	0.215130	1.779900
412.700000	24.230676	2.258700	2.011500	1.210900	1.138500	0.208100	1.687000
414.630000	24.117888	2.292100	2.022200	1.201900	1.144900	0.201540	1.599600
416.560000	24.006146	2.303400	2.034500	1.209600	1.173600	0.195940	1.525800
418.480000	23.896005	2.283000	2.048100	1.226500	1.211700	0.192010	1.471900
420.410000	23.786304	2.229600	2.062300	1.242000	1.241400	0.190090	1.440500
422.340000	23.677606	2.153500	2.076200	1.244400	1.246700	0.190010	1.427400
424.270000	23.569897	2.072000	2.089400	1.225900	1.222600	0.191170	1.421600
426.200000	23.463163	1.998000	2.101600	1.187800	1.175500	0.192670	1.409400
428.130000	23.357391	1.935500	2.113200	1.139100	1.114600	0.193540	1.382500
430.050000	23.253110	1.883300	2.125100	1.089600	1.045100	0.193150	1.340600
431.980000	23.149220	1.840200	2.138300	1.044900	0.968760	0.191480	1.287500
433.910000	23.046254	1.807000	2.153800	1.006700	0.885740	0.189050	1.227400
435.840000	22.944200	1.786200	2.172100	0.974610	0.798020	0.186610	1.162500
437.770000	22.843045	1.779000	2.192900	0.948640	0.709750	0.184740	1.093300
439.700000	22.742779	1.784500	2.216100	0.930000	0.625650	0.183700	1.020000
441.630000	22.643389	1.799700	2.241300	0.920480	0.549110	0.183460	0.943920
443.550000	22.545373	1.821300	2.268100	0.921380	0.481770	0.183790	0.867490
445.480000	22.447697	1.846500	2.296200	0.932900	0.423870	0.184390	0.793710
447.410000	22.350864	1.873400	2.325200	0.954030	0.374850	0.185010	0.725510
449.340000	22.254863	1.900800	2.354600	0.982780	0.333780	0.185480	0.665220
451.270000	22.159683	1.928000	2.383900	1.016600	0.299570	0.185740	0.614240
453.200000	22.065313	1.954800	2.413000	1.052600	0.271160	0.185810	0.572980
455.130000	21.971744	1.980800	2.441500	1.088600	0.247570	0.185740	0.541060
457.050000	21.879444	2.006200	2.469200	1.122200	0.227980	0.185550	0.517510
458.980000	21.787442	2.030900	2.496000	1.151800	0.211660	0.185210	0.501010
460.910000	21.696210	2.055000	2.522000	1.176200	0.198020	0.184650	0.489880
462.840000	21.605738	2.078500	2.547100	1.194400	0.186580	0.183730	0.482150
464.770000	21.516019	2.101600	2.571500	1.206100	0.176960	0.182330	0.475600
466.700000	21.427041	2.124200	2.595500	1.211800	0.168860	0.180360	0.467930
468.620000	21.339251	2.146600	2.619400	1.212800	0.162030	0.177840	0.457150
470.550000	21.251727	2.168800	2.643500	1.211200	0.156300	0.174890	0.441960
472.480000	21.164917	2.190800	2.668000	1.209300	0.151540	0.171700	0.422010
474.410000	21.078814	2.212800	2.693000	1.209100	0.147630	0.168480	0.397970
476.340000	20.993408	2.234700	2.718500	1.212100	0.144480	0.165420	0.371150
478.270000	20.908692	2.256800	2.744600	1.218800	0.142030	0.162650	0.343140
480.200000	20.824656	2.278900	2.771300	1.229300	0.140200	0.160270	0.315380
482.120000	20.741724	2.301100	2.798400	1.243000	0.138950	0.158340	0.288960
484.050000	20.659023	2.323700	2.826100	1.259300	0.138240	0.156890	0.264580
485.980000	20.576978	2.346500	2.854300	1.277400	0.138040	0.155930	0.242550
487.910000	20.495583	2.369600	2.883100	1.296700	0.138330	0.155460	0.222960
489.840000	20.414829	2.393300	2.912500	1.316600	0.139110	0.155490	0.205700
491.770000	20.334709	2.417400	2.942500	1.336800	0.140380	0.156020	0.190610
493.700000	20.255216	2.442200	2.973200	1.357000	0.142140	0.157060	0.177460
495.620000	20.176748	2.467700	3.004800	1.377100	0.144410	0.158620	0.166060
497.550000	20.098483	2.494100	3.037300	1.397000	0.147240	0.160740	0.156190
499.480000	20.020822	2.521500	3.070800	1.416500	0.150660	0.163430	0.147680
501.410000	19.943759	2.549900	3.105500	1.435800	0.154750	0.166760	0.140380
503.340000	19.867287	2.579800	3.141600	1.454800	0.159570	0.170770	0.134180
505.270000	19.791399	2.611100	3.179100	1.473600	0.165250	0.175550	0.128960
507.190000	19.716477	2.644200	3.218300	1.492200	0.171920	0.181220	0.124670
509.120000	19.641735	2.679300	3.259400	1.510700	0.179750	0.187900	0.121240
511.050000	19.567557	2.716700	3.302700	1.529200	0.188990	0.195790	0.118650
512.980000	19.493937	2.757000	3.348500	1.547900	0.199940	0.205160	0.116890
514.910000	19.420870	2.800500	3.397200	1.566700	0.213020	0.216370	0.115990
516.840000	19.348348	2.848000	3.449200	1.585800	0.228760	0.229950	0.116010
518.770000	19.276365	2.900100	3.504900	1.605400	0.247900	0.246690	0.117020
520.690000	19.205285	2.957800	3.565000	1.625700	0.271460	0.267830	0.119160
522.620000	19.134361	3.022500	3.629800	1.646800	0.300780	0.295330	0.122630
524.550000	19.063960	3.096100	3.699200	1.669000	0.337760	0.332450	0.127700
526.480000	18.994074	3.181700	3.771400	1.692600	0.384960	0.384740	0.134770
528.410000	18.924699	3.285400	3.839500	1.717700	0.445880	0.461700	0.144390
530.340000	18.855828	3.423600	3.879300	1.744900	0.524120	0.580020	0.157360
532.270000	18.787457	3.660000	3.801200	1.774600	0.565410	0.821740	0.174820
534.190000	18.719931	3.798800	3.734600	1.807000	0.504340	1.270800	0.198480
536.120000	18.652540	3.909000	3.502300	1.842700	0.499980	1.715400	0.230930
538.050000	18.585633	4.022600	3.036200	1.882000	0.520390	2.005900	0.276250
539.980000	18.519204	4.143100	2.497300	1.925000	0.559180	2.001100	0.341330
541.910000	18.453249	4.272400	2.069000	1.972800	0.615930	1.755100	0.439280
543.840000	18.387761	4.411500	1.782000	2.038600	0.692980	1.372600	0.600730
545.760000	18.323072	4.559700	1.498900	2.224800	0.794260	0.976700	0.789110
547.690000	18.258504	4.714600	1.328000	2.368900	0.923190	0.742380	0.869120
549.620000	18.194389	4.875600	1.275200	2.407700	1.080400	0.569030	0.940220
551.550000	18.130723	5.050600	1.279900	2.374300	1.270800	0.444770	0.971420
553.480000	18.067500	5.246400	1.308300	2.332500	1.516900	0.361240	0.939910
555.410000	18.004717	5.450800	1.344100	2.329600	1.853500	0.308170	0.880390
557.340000	17.942369	5.627200	1.379200	2.361000	2.316100	0.278210	0.834160
559.260000	17.880771	5.704000	1.408000	2.401800	2.929500	0.266340	0.814430
561.190000	17.819277	5.567200	1.424900	2.432600	3.669800	0.267320	0.812950
563.120000	17.758204	5.110000	1.425100	2.448900	4.402300	0.272670	0.811620
565.050000	17.697549	4.369400	1.409700	2.463700	4.908300	0.269710	0.798620
566.980000	17.637306	3.550400	1.390700	2.491700	5.077400	0.249670	0.780420
568.910000	17.577473	2.834500	1.381600	2.533200	4.983700	0.217090	0.769930
570.840000	17.518044	2.277800	1.385500	2.581000	4.754300	0.182740	0.772970
572.760000	17.459320	1.862600	1.398400	2.629000	4.476300	0.153200	0.789420
574.690000	17.400686	1.554700	1.415600	2.673200	4.193400	0.129960	0.817290
576.620000	17.342444	1.323900	1.434100	2.711400	3.923900	0.112240	0.854420
578.550000	17.284591	1.148200	1.452400	2.742200	3.673800	0.098765	0.898760
580.480000	17.227122	1.012300	1.469900	2.764300	3.444000	0.088440	0.948240
582.410000	17.170035	0.905560	1.486400	2.776900	3.233200	0.080424	1.000600
584.330000	17.113617	0.820640	1.501800	2.779800	3.039200	0.074117	1.053100
586.260000	17.057278	0.752420	1.516200	2.773200	2.860100	0.069092	1.103000
588.190000	17.001309	0.697270	1.529700	2.758600	2.693700	0.065048	1.147300
590.120000	16.945706	0.652570	1.542500	2.738300	2.538400	0.061766	1.183400
592.050000	16.890465	0.616460	1.554600	2.716100	2.392600	0.059089	1.209600
593.980000	16.835584	0.587600	1.566000	2.696400	2.255000	0.056897	1.225300
595.910000	16.781058	0.565010	1.577000	2.683800	2.124500	0.055099	1.231700
597.830000	16.727163	0.548010	1.587500	2.683000	2.000200	0.053622	1.231900
599.760000	16.673336	0.536110	1.597500	2.697500	1.881300	0.052406	1.230700
601.690000	16.619854	0.528940	1.607200	2.729900	1.767400	0.051401	1.234200
603.620000	16.566714	0.526260	1.616700	2.780800	1.657800	0.050567	1.250300
605.550000	16.513913	0.527890	1.625800	2.848700	1.552200	0.049875	1.288100
607.480000	16.461447	0.533760	1.634800	2.928900	1.450300	0.049311	1.358000
609.410000	16.409314	0.543890	1.643600	3.011800	1.351800	0.048868	1.471500
611.330000	16.357777	0.558430	1.652400	3.080100	1.256600	0.048548	1.639500
613.260000	16.306297	0.577590	1.661000	3.105000	1.164700	0.048355	1.866500
615.190000	16.255141	0.601640	1.669600	3.048000	1.076300	0.048291	2.138700
617.120000	16.204304	0.630790	1.678100	2.877200	0.991960	0.048359	2.411300
619.050000	16.153784	0.665060	1.686600	2.598600	0.912360	0.048559	2.617600
620.980000	16.103578	0.704180	1.695200	2.265200	0.838440	0.048893	2.710600
622.900000	16.053941	0.747430	1.703700	1.941200	0.771120	0.049363	2.692100
624.830000	16.004353	0.793700	1.712200	1.665200	0.711060	0.049973	2.595700
626.760000	15.955071	0.841670	1.720800	1.446400	0.658530	0.050729	2.457000
628.690000	15.906090	0.890000	1.729500	1.279100	0.613320	0.051636	2.300500
630.620000	15.857410	0.937600	1.738200	1.153200	0.574880	0.052703	2.139900
632.550000	15.809027	0.983640	1.747100	1.059600	0.542440	0.053939	1.981800
634.480000	15.760938	1.027600	1.756000	0.991130	0.515200	0.055358	1.829100
636.400000	15.713388	1.069200	1.765100	0.942590	0.492380	0.056972	1.682600
638.330000	15.665878	1.108200	1.774300	0.910440	0.473310	0.058796	1.542400
640.260000	15.618655	1.144800	1.783700	0.892310	0.457380	0.060849	1.408100
642.190000	15.571716	1.178900	1.793300	0.886710	0.444110	0.063149	1.279800
644.120000	15.525057	1.210500	1.803100	0.892690	0.433100	0.065719	1.157500
646.050000	15.478678	1.239900	1.813200	0.909540	0.424020	0.068581	1.041800
647.980000	15.432575	1.267100	1.823400	0.936490	0.416610	0.071762	0.933500
649.900000	15.386983	1.292200	1.834000	0.972340	0.410660	0.075292	0.833780
651.830000	15.341423	1.315400	1.844800	1.015400	0.406060	0.079202	0.743580
653.760000	15.296133	1.336800	1.855900	1.063400	0.402740	0.083528	0.663300
655.690000	15.251110	1.356500	1.867400	1.114100	0.400770	0.088309	0.592580
657.620000	15.206350	1.374900	1.879200	1.165500	0.400390	0.093586	0.530230
659.550000	15.161853	1.392500	1.891500	1.215500	0.402120	0.099406	0.474500
661.470000	15.117844	1.411500	1.904100	1.261300	0.406330	0.105820	0.423670
663.400000	15.073862	1.434600	1.917200	1.299500	0.410540	0.112870	0.378920
665.330000	15.030135	1.460200	1.930800	1.331600	0.410200	0.120630	0.343700
667.260000	14.986662	1.484700	1.944900	1.361400	0.405200	0.129130	0.317170
669.190000	14.943439	1.506600	1.959600	1.390200	0.397190	0.138430	0.296980
671.120000	14.900465	1.525900	1.974900	1.418400	0.387230	0.148570	0.281420
673.050000	14.857737	1.542700	1.990800	1.445900	0.375970	0.159590	0.269460
674.970000	14.815473	1.557100	2.007300	1.473000	0.363800	0.171500	0.260360
676.900000	14.773231	1.568900	2.024400	1.500000	0.351030	0.184320	0.253620
678.830000	14.731229	1.578000	2.042000	1.527300	0.338010	0.198050	0.248750
680.760000	14.689465	1.583600	2.060100	1.555800	0.325580	0.212660	0.244880
682.690000	14.647937	1.585300	2.078400	1.586000	0.316190	0.228160	0.239560
684.620000	14.606643	1.586600	2.096700	1.614900	0.312160	0.244520	0.230490
686.540000	14.565794	1.590300	2.114700	1.639700	0.311000	0.261750	0.220200
688.470000	14.524961	1.595700	2.132200	1.661300	0.310780	0.279820	0.210660
690.400000	14.484357	1.602000	2.148800	1.680800	0.311130	0.298700	0.202260
692.330000	14.443979	1.608500	2.164000	1.698600	0.312060	0.318300	0.195000
694.260000	14.403826	1.615100	2.177400	1.715200	0.313660	0.338440	0.188820
696.190000	14.363895	1.621300	2.188800	1.730800	0.316000	0.358840	0.183600
698.120000	14.324185	1.626800	2.197800	1.745600	0.319120	0.379100	0.179260
700.040000	14.284898	1.631500	2.204300	1.759800	0.322980	0.398690	0.175710
701.970000	14.245623	1.634900	2.208400	1.773300	0.327480	0.417010	0.172890
703.900000	14.206563	1.636800	2.210400	1.786400	0.332360	0.433460	0.170740
705.830000	14.167717	1.637000	2.211000	1.799000	0.337250	0.447590	0.169200
707.760000	14.129083	1.635300	2.210800	1.811100	0.341660	0.459190	0.168240
709.690000	14.090659	1.632000	2.210800	1.822800	0.345000	0.468400	0.167800
711.620000	14.052444	1.627400	2.211800	1.834000	0.346750	0.475710	0.167820
713.540000	14.014631	1.622300	2.214200	1.844600	0.346570	0.481880	0.168250
715.470000	13.976826	1.617200	2.218200	1.854600	0.344430	0.487760	0.168980
717.400000	13.939225	1.613000	2.223800	1.864000	0.340630	0.494180	0.169880
719.330000	13.901825	1.610200	2.230500	1.872700	0.335770	0.501890	0.170790
721.260000	13.864626	1.609000	2.237800	1.880700	0.330580	0.511520	0.171480
723.190000	13.827625	1.609300	2.245000	1.888100	0.325770	0.523610	0.171730
725.110000	13.791011	1.610700	2.251100	1.895200	0.321940	0.538500	0.171330
727.040000	13.754401	1.612600	2.254700	1.902200	0.319470	0.556240	0.170130
728.970000	13.717986	1.614400	2.254400	1.909400	0.318470	0.576270	0.168140
730.900000	13.681762	1.615400	2.248700	1.917200	0.318820	0.597180	0.165510
732.830000	13.645730	1.615100	2.236800	1.925800	0.320120	0.616580	0.162520
734.760000	13.609886	1.613100	2.219100	1.935400	0.321780	0.631420	0.159550
736.690000	13.574231	1.609000	2.198400	1.945700	0.322980	0.639020	0.156950
738.610000	13.538945	1.603200	2.178700	1.956600	0.322700	0.638510	0.155010
740.540000	13.503659	1.596700	2.164100	1.967800	0.319960	0.631720	0.153920
742.470000	13.468558	1.591000	2.157300	1.978700	0.314500	0.622890	0.153720
744.400000	13.433638	1.588300	2.157600	1.988700	0.307580	0.617150	0.154190
746.330000	13.398899	1.589000	2.161400	1.997400	0.302180	0.618800	0.154640
748.260000	13.364339	1.590900	2.161800	2.004600	0.301890	0.628790	0.153740
750.190000	13.329956	1.587500	2.152500	2.011700	0.307340	0.640880	0.150100
752.110000	13.295927	1.573000	2.137600	2.021200	0.311070	0.645030	0.144110
754.040000	13.261896	1.553000	2.128300	2.034000	0.302430	0.643220	0.138190
755.970000	13.228038	1.539300	2.125000	2.048900	0.282290	0.645570	0.134060
757.900000	13.194353	1.535800	2.120500	2.064300	0.259150	0.655510	0.131770
759.830000	13.160839	1.539700	2.109500	2.079600	0.238390	0.670700	0.130730
761.760000	13.127494	1.547700	2.089200	2.094700	0.221450	0.686990	0.130480
763.680000	13.094490	1.557700	2.059300	2.109600	0.208170	0.699870	0.130710
765.610000	13.061480	1.568500	2.021400	2.124300	0.198020	0.705220	0.131270
767.540000	13.028637	1.579400	1.978700	2.138900	0.190490	0.699950	0.132090
769.470000	12.995958	1.590000	1.935500	2.153600	0.185180	0.682690	0.133120
771.400000	12.963443	1.600100	1.896000	2.168200	0.181780	0.653970	0.134350
773.330000	12.931090	1.609300	1.863800	2.182800	0.180080	0.615900	0.135790
775.260000	12.898898	1.617300	1.841100	2.197500	0.179830	0.571490	0.137440
777.180000	12.867032	1.623700	1.828800	2.212100	0.180700	0.524050	0.139320
779.110000	12.835158	1.628100	1.827000	2.226700	0.182120	0.476740	0.141450
781.040000	12.803442	1.630100	1.834600	2.241200	0.183070	0.432460	0.143830
782.970000	12.771881	1.630400	1.849600	2.255500	0.182310	0.393640	0.146490
784.900000	12.740476	1.630300	1.869200	2.269600	0.179180	0.361550	0.149420
786.830000	12.709226	1.631100	1.890700	2.283300	0.174110	0.335890	0.152600
788.760000	12.678128	1.633400	1.912500	2.296600	0.168100	0.315460	0.155950
790.680000	12.647342	1.637200	1.933600	2.309300	0.162050	0.299060	0.159350
792.610000	12.616545	1.642000	1.953700	2.321300	0.156440	0.285680	0.162620
794.540000	12.585899	1.647400	1.973000	2.332700	0.151430	0.274590	0.165510
796.470000	12.555401	1.653000	1.991300	2.343500	0.146980	0.265220	0.167760
798.400000	12.525050	1.658600	2.008700	2.354000	0.142910	0.257120	0.169170
800.330000	12.494846	1.664300	2.025500	2.364600	0.138980	0.249950	0.169630
802.250000	12.464942	1.669900	2.041900	2.375500	0.135030	0.243460	0.169230
804.180000	12.435027	1.675800	2.058000	2.387100	0.130950	0.237550	0.168150
806.110000	12.405255	1.682000	2.074100	2.399500	0.126790	0.232190	0.166680
808.040000	12.375625	1.688600	2.090200	2.412700	0.122640	0.227380	0.165060
809.970000	12.346136	1.695800	2.106400	2.426600	0.118640	0.223160	0.163530
811.900000	12.316788	1.703400	2.122700	2.441200	0.114900	0.219560	0.162230
813.830000	12.287578	1.711400	2.139100	2.456400	0.111520	0.216570	0.161240
815.750000	12.258658	1.719700	2.155600	2.472100	0.108530	0.214190	0.160600
817.680000	12.229723	1.728300	2.172100	2.488100	0.105960	0.212390	0.160340
819.610000	12.200925	1.737000	2.188700	2.504400	0.103790	0.211130	0.160440
821.540000	12.172262	1.745900	2.205400	2.521000	0.101990	0.210400	0.160900
823.470000	12.143733	1.754900	2.222100	2.537800	0.100550	0.210160	0.161690
825.400000	12.115338	1.763900	2.238900	2.554900	0.099439	0.210380	0.162790
827.330000	12.087075	1.772900	2.255800	2.572300	0.098618	0.211050	0.164210
829.250000	12.059090	1.782100	2.272800	2.589800	0.098069	0.212140	0.165910
831.180000	12.031088	1.791200	2.290000	2.607600	0.097767	0.213640	0.167910
833.110000	12.003217	1.800400	2.307300	2.625600	0.097696	0.215540	0.170180
835.040000	11.975474	1.809700	2.324800	2.644000	0.097838	0.217840	0.172740
836.970000	11.947860	1.819000	2.342500	2.662600	0.098182	0.220530	0.175570
838.900000	11.920372	1.828400	2.360500	2.681500	0.098717	0.223610	0.178700
840.820000	11.893152	1.837900	2.378700	2.700700	0.099436	0.227090	0.182120
842.750000	11.865915	1.847400	2.397200	2.720300	0.100330	0.230980	0.185840
844.680000	11.838803	1.857100	2.416000	2.740200	0.101410	0.235290	0.189880
846.610000	11.811814	1.866900	2.435200	2.760600	0.102650	0.240030	0.194260
848.540000	11.784948	1.876800	2.454800	2.781400	0.104070	0.245230	0.198990
850.470000	11.758204	1.886800	2.474800	2.802600	0.105670	0.250910	0.204100
852.400000	11.731581	1.897100	2.495300	2.824300	0.107440	0.257090	0.209610
854.320000	11.705216	1.907500	2.516300	2.846600	0.109410	0.263810	0.215560
856.250000	11.678832	1.918100	2.537800	2.869400	0.111560	0.271110	0.221980
858.180000	11.652567	1.928900	2.559800	2.892800	0.113910	0.279030	0.228910
860.110000	11.626420	1.939900	2.582500	2.916900	0.116470	0.287620	0.236400
862.040000	11.600390	1.951200	2.605900	2.941600	0.119260	0.296940	0.244500
863.970000	11.574476	1.962700	2.629900	2.967100	0.122280	0.307060	0.253280
865.900000	11.548678	1.974500	2.654800	2.993300	0.125550	0.318060	0.262800
867.820000	11.523127	1.986700	2.680400	3.020300	0.129100	0.330020	0.273150
869.750000	11.497557	1.999100	2.707000	3.048200	0.132950	0.343060	0.284420
871.680000	11.472100	2.011900	2.734400	3.077000	0.137110	0.357290	0.296720
873.610000	11.446755	2.025100	2.762900	3.106700	0.141630	0.372850	0.310170
875.540000	11.421523	2.038700	2.792300	3.137500	0.146530	0.389910	0.324920
877.470000	11.396401	2.052700	2.822900	3.169200	0.151860	0.408660	0.341140
879.390000	11.371519	2.067200	2.854700	3.202000	0.157660	0.429330	0.359010
881.320000	11.346616	2.082200	2.887600	3.235800	0.163980	0.452180	0.378750
883.250000	11.321823	2.097800	2.921700	3.270600	0.170890	0.477530	0.400640
885.180000	11.297137	2.113800	2.957100	3.306500	0.178470	0.505730	0.424940
887.110000	11.272559	2.130500	2.993600	3.343200	0.186780	0.537240	0.452000
889.040000	11.248088	2.147800	3.031200	3.380700	0.195950	0.572570	0.482190
890.970000	11.223722	2.165800	3.069700	3.418700	0.206080	0.612320	0.515880
892.890000	11.199588	2.184400	3.108900	3.456800	0.217310	0.657190	0.553520
894.820000	11.175432	2.203700	3.148100	3.494700	0.229800	0.707990	0.595500
896.750000	11.151380	2.223800	3.186700	3.531600	0.243760	0.765580	0.642220
898.680000	11.127431	2.244400	3.223500	3.566800	0.259410	0.830850	0.693960
900.610000	11.103585	2.265700	3.257000	3.599300	0.277030	0.904540	0.750900
902.540000	11.079841	2.287500	3.285000	3.628000	0.296920	0.987080	0.813000
904.470000	11.056199	2.309700	3.304900	3.651600	0.319450	1.078200	0.879950
906.390000	11.032778	2.331900	3.314000	3.668400	0.345030	1.176600	0.950970
908.320000	11.009336	2.353600	3.309900	3.676800	0.374080	1.280100	1.024500
910.250000	10.985993	2.374400	3.290700	3.675500	0.407030	1.385300	1.097900
912.180000	10.962749	2.393200	3.256000	3.664600	0.444200	1.488300	1.167300
914.110000	10.939602	2.409000	3.206600	3.646300	0.485730	1.584800	1.228800
916.040000	10.916554	2.420200	3.145100	3.625100	0.531300	1.671100	1.279500
917.960000	10.893721	2.425100	3.075500	3.606900	0.579930	1.744400	1.319200
919.890000	10.870865	2.422600	3.002900	3.597600	0.629710	1.804300	1.351200
921.820000	10.848105	2.412300	2.931900	3.600700	0.677920	1.853000	1.381000
923.750000	10.825440	2.395200	2.864800	3.616800	0.721700	1.894700	1.415600
925.680000	10.802869	2.374000	2.800800	3.643700	0.759110	1.933500	1.461400
927.610000	10.780393	2.351900	2.736800	3.676900	0.790000	1.971600	1.523700
929.540000	10.758009	2.331500	2.669700	3.710400	0.815880	2.008100	1.606400
931.460000	10.735834	2.313700	2.598200	3.736400	0.839030	2.040300	1.711800
933.390000	10.713635	2.298300	2.523600	3.745300	0.861420	2.065700	1.839400
935.320000	10.691528	2.284400	2.448000	3.726300	0.884150	2.083200	1.984500
937.250000	10.669512	2.271000	2.373900	3.670100	0.907450	2.093600	2.136700
939.180000	10.647586	2.257600	2.301900	3.572100	0.931130	2.098500	2.279900
941.110000	10.625750	2.244600	2.231700	3.437100	0.955200	2.099000	2.395400
943.040000	10.604004	2.232100	2.162100	3.279900	0.980330	2.095300	2.468800
944.960000	10.582459	2.219700	2.092600	3.120800	1.007700	2.085800	2.495400
946.890000	10.560889	2.206100	2.023900	2.979300	1.038400	2.068700	2.481600
948.820000	10.539407	2.189100	1.958800	2.867700	1.072800	2.042200	2.441500
950.750000	10.518012	2.165800	1.901100	2.789400	1.109900	2.006300	2.391500
952.680000	10.496704	2.134200	1.855200	2.740600	1.146700	1.963600	2.345500
954.610000	10.475482	2.094100	1.823300	2.712900	1.179100	1.919100	2.313000
956.530000	10.454455	2.047900	1.805100	2.696300	1.203100	1.878500	2.298000
958.460000	10.433404	2.000100	1.797000	2.681200	1.216800	1.846600	2.299800
960.390000	10.412437	1.955400	1.794000	2.661100	1.221200	1.825500	2.313700
962.320000	10.391554	1.916700	1.790800	2.633500	1.219700	1.814600	2.334300
964.250000	10.370754	1.884700	1.784200	2.598800	1.216200	1.810900	2.357000
966.180000	10.350038	1.857800	1.773000	2.558500	1.213600	1.810900	2.379400
968.110000	10.329405	1.833600	1.758300	2.514200	1.213400	1.811900	2.400800
970.030000	10.308960	1.810100	1.741600	2.466400	1.215500	1.812700	2.421200
971.960000	10.288489	1.785800	1.724500	2.415000	1.219200	1.813300	2.440600
973.890000	10.268100	1.759900	1.707900	2.359400	1.223200	1.814800	2.458200
975.820000	10.247792	1.732300	1.691700	2.299300	1.226400	1.818400	2.473000
977.750000	10.227563	1.703500	1.675100	2.234900	1.228100	1.825100	2.483300
979.680000	10.207415	1.673800	1.656600	2.167100	1.227700	1.835300	2.487900
981.610000	10.187345	1.643900	1.634500	2.097200	1.224800	1.848800	2.485500
983.530000	10.167458	1.614400	1.607300	2.026700	1.219500	1.864600	2.475700
985.460000	10.147545	1.585800	1.574000	1.957300	1.211700	1.880800	2.458200
987.390000	10.127710	1.558600	1.534100	1.890600	1.201700	1.895600	2.433400
989.320000	10.107953	1.533300	1.488400	1.827900	1.190100	1.906600	2.401900
991.250000	10.088272	1.510000	1.438100	1.770400	1.177200	1.912200	2.364700
993.180000	10.068668	1.488600	1.385100	1.718900	1.163400	1.911500	2.322600
995.100000	10.049241	1.469000	1.331200	1.674200	1.149300	1.904300	2.277000
997.030000	10.029788	1.451100	1.278000	1.636800	1.134800	1.891200	2.229000
998.960000	10.010411	1.434600	1.226500	1.606700	1.120300	1.873000	2.180100
1000.900000	9.991008	1.419500	1.177300	1.584100	1.105600	1.850300	2.131500
1002.800000	9.972078	1.405600	1.130700	1.568300	1.091000	1.824100	2.084600
1004.700000	9.953220	1.392900	1.087100	1.558900	1.076500	1.794800	2.040400
1006.700000	9.933446	1.381300	1.046300	1.555000	1.062300	1.763100	1.999700
1008.600000	9.914733	1.370400	1.008600	1.556000	1.048500	1.729500	1.963200
1010.500000	9.896091	1.360000	0.973810	1.561100	1.034900	1.694300	1.931400
1012.500000	9.876543	1.349600	0.941850	1.569500	1.021300	1.658100	1.905100
1014.400000	9.858044	1.339300	0.912560	1.580500	1.007400	1.621200	1.884800
1016.300000	9.839614	1.328900	0.885810	1.592600	0.992420	1.583600	1.871100
1018.200000	9.821253	1.319100	0.861420	1.604600	0.976010	1.545700	1.864300
1020.200000	9.802000	1.310300	0.839280	1.614700	0.957890	1.507600	1.864400
1022.100000	9.783778	1.303200	0.819240	1.621200	0.938050	1.469400	1.870600
1024.000000	9.765625	1.298500	0.801200	1.622800	0.916810	1.431100	1.882000
1026.000000	9.746589	1.296700	0.785060	1.618100	0.894610	1.393000	1.896900
1027.900000	9.728573	1.298000	0.770760	1.606700	0.872040	1.354900	1.913700
1029.800000	9.710623	1.302600	0.758210	1.588400	0.849660	1.317000	1.930500
1031.700000	9.692740	1.310400	0.747370	1.563500	0.828050	1.279400	1.945700
1033.700000	9.673987	1.321300	0.738190	1.532800	0.807680	1.242000	1.957600
1035.600000	9.656238	1.335000	0.730630	1.497300	0.788990	1.205000	1.965100
1037.500000	9.638554	1.351400	0.724670	1.458400	0.772330	1.168400	1.967100
1039.500000	9.620010	1.370100	0.720280	1.417400	0.757980	1.132200	1.963400
1041.400000	9.602458	1.390900	0.717430	1.375800	0.746170	1.096500	1.953600
1043.300000	9.584971	1.413300	0.716120	1.334900	0.737090	1.061500	1.938100
1045.200000	9.567547	1.437300	0.716310	1.295700	0.730890	1.027100	1.917200
1047.200000	9.549274	1.462500	0.717980	1.259200	0.727670	0.993500	1.891600
1049.100000	9.531980	1.488600	0.721110	1.226100	0.727550	0.960740	1.861800
1051.000000	9.514748	1.515400	0.725650	1.196900	0.730630	0.928970	1.828700
1053.000000	9.496676	1.542700	0.731530	1.172100	0.737010	0.898280	1.793100
1054.900000	9.479572	1.570200	0.738690	1.151900	0.746810	0.868760	1.755500
1056.800000	9.462528	1.597700	0.747020	1.136400	0.760160	0.840530	1.716900
1058.700000	9.445546	1.624900	0.756400	1.125900	0.777180	0.813690	1.677900
1060.700000	9.427736	1.651500	0.766700	1.120200	0.798050	0.788310	1.639300
1062.600000	9.410879	1.677100	0.777770	1.119300	0.822940	0.764410	1.601700
1064.500000	9.394082	1.701500	0.789450	1.123000	0.852030	0.742020	1.565900
1066.500000	9.376465	1.724000	0.801600	1.130900	0.885480	0.721140	1.532700
1068.400000	9.359790	1.744200	0.814070	1.142700	0.923480	0.701700	1.502700
1070.300000	9.343175	1.761500	0.826790	1.157700	0.966210	0.683610	1.476500
1072.200000	9.326618	1.775000	0.839680	1.175100	1.013800	0.666830	1.454600
1074.200000	9.309253	1.784100	0.852680	1.193900	1.066200	0.651290	1.437300
1076.100000	9.292817	1.787800	0.865780	1.213200	1.123400	0.636930	1.424700
1078.000000	9.276438	1.785200	0.878970	1.231700	1.185300	0.623700	1.416400
1080.000000	9.259259	1.775300	0.892230	1.248100	1.251700	0.611610	1.411700
1081.900000	9.242998	1.757200	0.905550	1.261400	1.322100	0.600620	1.409600
1083.800000	9.226795	1.730700	0.918890	1.270000	1.395800	0.590730	1.408500
1085.700000	9.210648	1.695700	0.932240	1.272500	1.471900	0.581930	1.406800
1087.700000	9.193712	1.653500	0.945580	1.267200	1.548300	0.574220	1.403400
1089.600000	9.177680	1.605000	0.958930	1.253300	1.621700	0.567570	1.398400
1091.500000	9.161704	1.550900	0.972250	1.231200	1.688500	0.562020	1.392000
1093.500000	9.144947	1.491100	0.985570	1.202900	1.745900	0.557580	1.384300
1095.400000	9.129085	1.426400	0.998870	1.170300	1.792400	0.554300	1.374600
1097.300000	9.113278	1.358200	1.012100	1.135000	1.827400	0.552220	1.362200
1099.200000	9.097525	1.288200	1.025300	1.098600	1.850800	0.551420	1.346600
1101.200000	9.081003	1.218100	1.038500	1.062000	1.863500	0.551960	1.327600
1103.100000	9.065361	1.149500	1.051400	1.026300	1.866200	0.553920	1.305300
1105.000000	9.049774	1.083600	1.064200	0.992140	1.860400	0.557380	1.279900
1107.000000	9.033424	1.021400	1.076700	0.959920	1.847200	0.562400	1.251500
1108.900000	9.017946	0.963320	1.088800	0.929960	1.828100	0.569070	1.220600
1110.800000	9.002521	0.909680	1.100500	0.902470	1.804100	0.577450	1.187500
1112.700000	8.987148	0.860460	1.111700	0.877460	1.776400	0.587620	1.152500
1114.700000	8.971024	0.815600	1.122400	0.854910	1.745900	0.599630	1.115800
1116.600000	8.955759	0.774840	1.132600	0.834660	1.713200	0.613540	1.077600
1118.500000	8.940545	0.737960	1.142300	0.816530	1.679100	0.629370	1.038300
1120.500000	8.924587	0.704650	1.151500	0.800200	1.644000	0.647090	0.997930
1122.400000	8.909480	0.674640	1.160400	0.785360	1.608200	0.666560	0.956800
1124.300000	8.894423	0.647630	1.169100	0.771630	1.572000	0.687510	0.915250
1126.200000	8.879418	0.623380	1.177700	0.758760	1.535700	0.709490	0.873800
1128.200000	8.863677	0.601640	1.186000	0.746680	1.499500	0.731960	0.832960
1130.100000	8.848774	0.582210	1.193700	0.735550	1.463400	0.754390	0.793260
1132.000000	8.833922	0.564890	1.200200	0.725630	1.427600	0.776450	0.754950
1134.000000	8.818342	0.549530	1.205200	0.717220	1.392100	0.797920	0.718190
1135.900000	8.803592	0.535970	1.208400	0.710510	1.357100	0.818740	0.682930
1137.800000	8.788891	0.524110	1.209400	0.705600	1.322500	0.838830	0.649150
1139.700000	8.774239	0.513850	1.208200	0.702500	1.288400	0.858120	0.616750
1141.700000	8.758868	0.505100	1.204900	0.701180	1.254900	0.876520	0.585740
1143.600000	8.744316	0.497810	1.199400	0.701540	1.222000	0.893910	0.556060
1145.500000	8.729812	0.491910	1.191900	0.703480	1.189800	0.910170	0.527760
1147.500000	8.714597	0.487360	1.182500	0.706850	1.158300	0.925190	0.500810
1149.400000	8.700191	0.484090	1.171500	0.711520	1.127700	0.938890	0.475250
1151.300000	8.685833	0.482030	1.159200	0.717310	1.098200	0.951250	0.451050
1153.200000	8.671523	0.481040	1.145700	0.724040	1.069900	0.962320	0.428230
1155.200000	8.656510	0.480930	1.131300	0.731540	1.043100	0.972240	0.406730
1157.100000	8.642295	0.481380	1.116100	0.739650	1.017900	0.981280	0.386480
1159.000000	8.628128	0.481960	1.100200	0.748230	0.994430	0.989770	0.367390
1161.000000	8.613264	0.482110	1.083200	0.757170	0.972740	0.998020	0.349350
1162.900000	8.599192	0.481240	1.064600	0.766430	0.952520	1.006200	0.332210
1164.800000	8.585165	0.478840	1.043600	0.776010	0.933270	1.014000	0.315920
1166.700000	8.571184	0.474610	1.019600	0.785930	0.914200	1.020600	0.300400
1168.700000	8.556516	0.468640	0.992440	0.796220	0.894480	1.024800	0.285680
1170.600000	8.542628	0.461390	0.962830	0.806850	0.873340	1.025200	0.271780
1172.500000	8.528785	0.453530	0.932000	0.817760	0.850350	1.021200	0.258750
1174.500000	8.514261	0.445840	0.901310	0.828890	0.825350	1.012600	0.246590
1176.400000	8.500510	0.438980	0.871910	0.840110	0.798560	1.000100	0.235310
1178.300000	8.486803	0.433440	0.844460	0.851370	0.770280	0.984180	0.224860
1180.200000	8.473140	0.429510	0.819300	0.862570	0.740980	0.965810	0.215190
1182.200000	8.458806	0.427300	0.796440	0.873690	0.711010	0.945590	0.206230
1184.100000	8.445233	0.426830	0.775810	0.884660	0.680740	0.924010	0.197930
1186.000000	8.431703	0.428060	0.757260	0.895470	0.650410	0.901420	0.190230
1188.000000	8.417508	0.430920	0.740660	0.906100	0.620280	0.878090	0.183070
1189.900000	8.404068	0.435340	0.725860	0.916540	0.590480	0.854190	0.176400
1191.800000	8.390670	0.441260	0.712760	0.926790	0.561190	0.829880	0.170180
1193.700000	8.377314	0.448590	0.701240	0.936850	0.532530	0.805230	0.164370
1195.700000	8.363302	0.457260	0.691260	0.946710	0.504650	0.780370	0.158930
1197.600000	8.350033	0.467200	0.682720	0.956380	0.477650	0.755350	0.153840
1199.500000	8.336807	0.478280	0.675580	0.965860	0.451680	0.730260	0.149050
1201.500000	8.322930	0.490410	0.669800	0.975160	0.426820	0.705140	0.144560
1203.400000	8.309789	0.503440	0.665330	0.984280	0.403200	0.680090	0.140320
1205.300000	8.296690	0.517220	0.662140	0.993230	0.380850	0.655130	0.136330
1207.200000	8.283632	0.531590	0.660210	1.002000	0.359840	0.630360	0.132570
1209.200000	8.269931	0.546390	0.659480	1.010600	0.340160	0.605820	0.129010
1211.100000	8.256956	0.561470	0.659940	1.019100	0.321820	0.581610	0.125650
1213.000000	8.244023	0.576690	0.661550	1.027400	0.304760	0.557760	0.122460
1215.000000	8.230453	0.591920	0.664250	1.035600	0.288940	0.534380	0.119430
1216.900000	8.217602	0.607080	0.668000	1.043600	0.274270	0.511500	0.116560
1218.800000	8.204792	0.622050	0.672740	1.051500	0.260690	0.489210	0.113830
1220.700000	8.192021	0.636790	0.678420	1.059300	0.248110	0.467550	0.111230
1222.700000	8.178621	0.651230	0.684960	1.066900	0.236460	0.446610	0.108760
1224.600000	8.165932	0.665360	0.692290	1.074500	0.225650	0.426400	0.106400
1226.500000	8.153282	0.679120	0.700320	1.081900	0.215620	0.406980	0.104150
1228.500000	8.140008	0.692520	0.708980	1.089200	0.206280	0.388370	0.101990
1230.400000	8.127438	0.705530	0.718170	1.096300	0.197600	0.370610	0.099928
1232.300000	8.114907	0.718170	0.727830	1.103400	0.189490	0.353670	0.097951
1234.200000	8.102415	0.730410	0.737860	1.110400	0.181920	0.337580	0.096056
1236.200000	8.089306	0.742280	0.748190	1.117300	0.174830	0.322320	0.094235
1238.100000	8.076892	0.753770	0.758760	1.124000	0.168190	0.307870	0.092486
1240.000000	8.064516	0.764900	0.769500	1.130700	0.161950	0.294200	0.090801
1242.000000	8.051530	0.775660	0.780350	1.137300	0.156080	0.281300	0.089179
1243.900000	8.039231	0.786080	0.791270	1.143800	0.150550	0.269120	0.087614
1245.800000	8.026971	0.796160	0.802210	1.150300	0.145320	0.257650	0.086104
1247.700000	8.014747	0.805910	0.813130	1.156600	0.140370	0.246830	0.084644
1249.700000	8.001920	0.815330	0.824010	1.162900	0.135670	0.236660	0.083232
1251.600000	7.989773	0.824460	0.834810	1.169000	0.131200	0.227070	0.081865
1253.500000	7.977663	0.833290	0.845510	1.175100	0.126940	0.218060	0.080540
1255.500000	7.964954	0.841840	0.856100	1.181100	0.122860	0.209580	0.079254
1257.400000	7.952919	0.850130	0.866540	1.187100	0.118960	0.201620	0.078006
1259.300000	7.940920	0.858160	0.876840	1.193000	0.115200	0.194130	0.076793
1261.200000	7.928957	0.865960	0.886960	1.198800	0.111580	0.187110	0.075614
1263.200000	7.916403	0.873550	0.896910	1.204500	0.108080	0.180500	0.074466
1265.100000	7.904513	0.880920	0.906660	1.210200	0.104700	0.174300	0.073348
1267.000000	7.892660	0.888120	0.916220	1.215800	0.101430	0.168480	0.072258
1269.000000	7.880221	0.895130	0.925560	1.221300	0.098259	0.163000	0.071195
1270.900000	7.868440	0.901990	0.934690	1.226800	0.095192	0.157840	0.070157
1272.800000	7.856694	0.908700	0.943610	1.232200	0.092227	0.152990	0.069144
1274.700000	7.844983	0.915270	0.952310	1.237500	0.089361	0.148400	0.068153
1276.700000	7.832694	0.921690	0.960800	1.242800	0.086597	0.144060	0.067185
1278.600000	7.821054	0.928000	0.969070	1.248000	0.083932	0.139940	0.066238
1280.500000	7.809449	0.934170	0.977150	1.253100	0.081369	0.136040	0.065312
1282.500000	7.797271	0.940220	0.985020	1.258200	0.078904	0.132320	0.064404
1284.400000	7.785737	0.946150	0.992700	1.263300	0.076539	0.128780	0.063515
1286.300000	7.774236	0.951970	1.000200	1.268200	0.074268	0.125400	0.062644
1288.200000	7.762770	0.957660	1.007500	1.273200	0.072093	0.122170	0.061791
1290.200000	7.750736	0.963250	1.014700	1.278000	0.070007	0.119080	0.060954
1292.100000	7.739339	0.968720	1.021700	1.282800	0.068011	0.116120	0.060133
1294.000000	7.727975	0.974070	1.028500	1.287600	0.066098	0.113270	0.059327
1296.000000	7.716049	0.979320	1.035200	1.292300	0.064268	0.110530	0.058537
1297.900000	7.704754	0.984460	1.041700	1.296900	0.062514	0.107900	0.057761
1299.800000	7.693491	0.989490	1.048100	1.301500	0.060836	0.105370	0.056999
1301.700000	7.682262	0.994420	1.054300	1.306100	0.059229	0.102930	0.056251
1303.700000	7.670476	0.999240	1.060500	1.310600	0.057690	0.100580	0.055516
1305.600000	7.659314	1.004000	1.066500	1.315000	0.056214	0.098306	0.054795
1307.500000	7.648184	1.008600	1.072400	1.319400	0.054800	0.096116	0.054086
1309.500000	7.636502	1.013100	1.078200	1.323700	0.053444	0.093999	0.053389
1311.400000	7.625438	1.017600	1.083800	1.328000	0.052143	0.091955	0.052704
1313.300000	7.614406	1.021900	1.089400	1.332300	0.050894	0.089978	0.052031
1315.200000	7.603406	1.026200	1.094800	1.336500	0.049694	0.088066	0.051369
1317.200000	7.591862	1.030300	1.100200	1.340700	0.048541	0.086216	0.050718
1319.100000	7.580926	1.034400	1.105400	1.344800	0.047433	0.084426	0.050079
1321.000000	7.570023	1.038400	1.110600	1.348800	0.046367	0.082693	0.049450
1322.900000	7.559150	1.042300	1.115700	1.352900	0.045341	0.081014	0.048832
1324.900000	7.547739	1.046200	1.120700	1.356800	0.044352	0.079387	0.048223
1326.800000	7.536931	1.050000	1.125600	1.360800	0.043400	0.077812	0.047625
1328.700000	7.526153	1.053600	1.130400	1.364700	0.042482	0.076283	0.047037
1330.700000	7.514842	1.057300	1.135100	1.368500	0.041596	0.074802	0.046459
1332.600000	7.504127	1.060800	1.139800	1.372300	0.040740	0.073364	0.045889
1334.500000	7.493443	1.064300	1.144300	1.376100	0.039915	0.071970	0.045329
1336.400000	7.482790	1.067700	1.148900	1.379800	0.039116	0.070616	0.044778
1338.400000	7.471608	1.071100	1.153300	1.383500	0.038345	0.069303	0.044237
1340.300000	7.461016	1.074400	1.157600	1.387100	0.037598	0.068027	0.043703
1342.200000	7.450454	1.077600	1.161900	1.390800	0.036876	0.066788	0.043179
1344.200000	7.439369	1.080800	1.166200	1.394300	0.036176	0.065584	0.042663
1346.100000	7.428869	1.083900	1.170300	1.397900	0.035498	0.064415	0.042155
1348.000000	7.418398	1.087000	1.174400	1.401400	0.034841	0.063277	0.041655
1349.900000	7.407956	1.090000	1.178500	1.404800	0.034205	0.062172	0.041163
1351.900000	7.396997	1.092900	1.182400	1.408200	0.033587	0.061097	0.040679
1353.800000	7.386615	1.095800	1.186300	1.411600	0.032988	0.060051	0.040203
1355.700000	7.376263	1.098700	1.190200	1.415000	0.032405	0.059033	0.039734
1357.700000	7.365397	1.101500	1.194000	1.418300	0.031840	0.058043	0.039273
1359.600000	7.355104	1.104200	1.197700	1.421600	0.031291	0.057079	0.038819
1361.500000	7.344840	1.107000	1.201400	1.424800	0.030757	0.056141	0.038372
1363.400000	7.334605	1.109600	1.205100	1.428000	0.030238	0.055226	0.037932
1365.400000	7.323861	1.112200	1.208700	1.431200	0.029734	0.054336	0.037499
1367.300000	7.313684	1.114800	1.212200	1.434400	0.029242	0.053468	0.037072
1369.200000	7.303535	1.117400	1.215700	1.437500	0.028764	0.052623	0.036653
1371.200000	7.292882	1.119900	1.219100	1.440600	0.028299	0.051798	0.036240
1373.100000	7.282791	1.122300	1.222500	1.443600	0.027846	0.050994	0.035833
1375.000000	7.272727	1.124800	1.225800	1.446700	0.027404	0.050210	0.035432
1376.900000	7.262692	1.127100	1.229100	1.449700	0.026974	0.049445	0.035038
1378.900000	7.252158	1.129500	1.232400	1.452600	0.026554	0.048699	0.034650
1380.800000	7.242178	1.131800	1.235600	1.455600	0.026145	0.047971	0.034268
1382.700000	7.232227	1.134100	1.238800	1.458500	0.025746	0.047260	0.033891
1384.700000	7.221781	1.136300	1.241900	1.461400	0.025357	0.046566	0.033520
1386.600000	7.211885	1.138500	1.245000	1.464200	0.024977	0.045888	0.033156
1388.500000	7.202017	1.140700	1.248000	1.467000	0.024607	0.045226	0.032796
1390.400000	7.192175	1.142900	1.251000	1.469800	0.024245	0.044579	0.032442
1392.400000	7.181844	1.145000	1.254000	1.472600	0.023891	0.043947	0.032093
1394.300000	7.172058	1.147100	1.256900	1.475300	0.023546	0.043329	0.031750
1396.200000	7.162298	1.149100	1.259800	1.478100	0.023209	0.042725	0.031411
1398.200000	7.152053	1.151200	1.262700	1.480700	0.022879	0.042134	0.031078
1400.100000	7.142347	1.153200	1.265500	1.483400	0.022557	0.041557	0.030750
1402.000000	7.132668	1.155200	1.268300	1.486000	0.022242	0.040992	0.030427
1403.900000	7.123014	1.157100	1.271000	1.488700	0.021934	0.040439	0.030108
1405.900000	7.112881	1.159000	1.273800	1.491200	0.021633	0.039898	0.029794
1407.800000	7.103282	1.160900	1.276400	1.493800	0.021338	0.039369	0.029485
1409.700000	7.093708	1.162800	1.279100	1.496300	0.021050	0.038851	0.029180
1411.700000	7.083658	1.164600	1.281700	1.498900	0.020768	0.038344	0.028880
1413.600000	7.074137	1.166500	1.284300	1.501400	0.020492	0.037847	0.028584
1415.500000	7.064641	1.168300	1.286900	1.503800	0.020221	0.037361	0.028293
1417.400000	7.055171	1.170000	1.289400	1.506300	0.019957	0.036885	0.028005
1419.400000	7.045230	1.171800	1.291900	1.508700	0.019697	0.036418	0.027722
1421.300000	7.035812	1.173500	1.294400	1.511100	0.019443	0.035961	0.027443
1423.200000	7.026419	1.175200	1.296800	1.513500	0.019194	0.035512	0.027168
1425.200000	7.016559	1.176900	1.299300	1.515800	0.018951	0.035073	0.026897
1427.100000	7.007217	1.178600	1.301700	1.518200	0.018712	0.034642	0.026630
1429.000000	6.997901	1.180200	1.304000	1.520500	0.018477	0.034220	0.026366
1430.900000	6.988609	1.181900	1.306400	1.522800	0.018248	0.033806	0.026107
1432.900000	6.978854	1.183500	1.308700	1.525100	0.018023	0.033400	0.025851
1434.800000	6.969612	1.185100	1.311000	1.527300	0.017802	0.033001	0.025598
1436.700000	6.960395	1.186600	1.313200	1.529500	0.017585	0.032610	0.025349
1438.700000	6.950719	1.188200	1.315500	1.531800	0.017373	0.032227	0.025104
1440.600000	6.941552	1.189700	1.317700	1.533900	0.017165	0.031850	0.024862
1442.500000	6.932409	1.191200	1.319900	1.536100	0.016960	0.031481	0.024623
1444.400000	6.923290	1.192700	1.322000	1.538300	0.016759	0.031118	0.024388
1446.400000	6.913717	1.194200	1.324200	1.540400	0.016562	0.030762	0.024156
1448.300000	6.904647	1.195700	1.326300	1.542500	0.016369	0.030413	0.023927
1450.200000	6.895601	1.197100	1.328400	1.544600	0.016179	0.030069	0.023701
1452.200000	6.886104	1.198600	1.330500	1.546700	0.015993	0.029732	0.023479
1454.100000	6.877106	1.200000	1.332500	1.548800	0.015810	0.029401	0.023259
1456.000000	6.868132	1.201400	1.334600	1.550800	0.015630	0.029075	0.023042
1457.900000	6.859181	1.202800	1.336600	1.552900	0.015454	0.028756	0.022828
1459.900000	6.849784	1.204100	1.338600	1.554900	0.015280	0.028441	0.022618
1461.800000	6.840881	1.205500	1.340600	1.556900	0.015110	0.028133	0.022410
1463.700000	6.832001	1.206800	1.342500	1.558800	0.014942	0.027829	0.022204
1465.700000	6.822679	1.208200	1.344400	1.560800	0.014777	0.027531	0.022002
1467.600000	6.813846	1.209500	1.346400	1.562700	0.014616	0.027237	0.021802
1469.500000	6.805036	1.210800	1.348300	1.564700	0.014457	0.026949	0.021605
1471.400000	6.796248	1.212000	1.350100	1.566600	0.014300	0.026665	0.021410
1473.400000	6.787023	1.213300	1.352000	1.568500	0.014147	0.026386	0.021218
1475.300000	6.778282	1.214600	1.353800	1.570400	0.013995	0.026112	0.021028
1477.200000	6.769564	1.215800	1.355700	1.572200	0.013847	0.025842	0.020841
1479.200000	6.760411	1.217000	1.357500	1.574100	0.013701	0.025577	0.020657
1481.100000	6.751739	1.218300	1.359300	1.575900	0.013557	0.025315	0.020474
1483.000000	6.743088	1.219500	1.361000	1.577700	0.013415	0.025058	0.020294
1484.900000	6.734460	1.220700	1.362800	1.579500	0.013276	0.024805	0.020117
1486.900000	6.725402	1.221800	1.364500	1.581300	0.013139	0.024556	0.019941
1488.800000	6.716819	1.223000	1.366300	1.583100	0.013004	0.024311	0.019768
1490.700000	6.708258	1.224200	1.368000	1.584900	0.012872	0.024070	0.019597
1492.700000	6.699270	1.225300	1.369700	1.586600	0.012741	0.023832	0.019428
1494.600000	6.690753	1.226400	1.371400	1.588400	0.012613	0.023599	0.019262
1496.500000	6.682259	1.227600	1.373000	1.590100	0.012486	0.023368	0.019097
1498.400000	6.673785	1.228700	1.374700	1.591800	0.012362	0.023142	0.018935
1500.400000	6.664889	1.229800	1.376300	1.593500	0.012239	0.022918	0.018774
1502.300000	6.656460	1.230900	1.377900	1.595200	0.012118	0.022698	0.018616
1504.200000	6.648052	1.232000	1.379500	1.596800	0.011999	0.022482	0.018459
1506.200000	6.639225	1.233000	1.381100	1.598500	0.011882	0.022268	0.018304
1508.100000	6.630860	1.234100	1.382700	1.600100	0.011767	0.022058	0.018152
1510.000000	6.622517	1.235100	1.384200	1.601700	0.011653	0.021851	0.018001
1511.900000	6.614194	1.236200	1.385800	1.603400	0.011541	0.021646	0.017852
1513.900000	6.605456	1.237200	1.387300	1.605000	0.011431	0.021445	0.017705
1515.800000	6.597176	1.238200	1.388900	1.606600	0.011322	0.021247	0.017559
1517.700000	6.588917	1.239200	1.390400	1.608100	0.011215	0.021051	0.017416
1519.700000	6.580246	1.240300	1.391900	1.609700	0.011109	0.020858	0.017274
1521.600000	6.572029	1.241200	1.393300	1.611300	0.011005	0.020669	0.017133
1523.500000	6.563833	1.242200	1.394800	1.612800	0.010903	0.020481	0.016995
1525.400000	6.555658	1.243200	1.396300	1.614300	0.010802	0.020297	0.016858
1527.400000	6.547073	1.244200	1.397700	1.615900	0.010702	0.020114	0.016722
1529.300000	6.538939	1.245100	1.399200	1.617400	0.010604	0.019935	0.016589
1531.200000	6.530825	1.246100	1.400600	1.618900	0.010507	0.019758	0.016456
1533.200000	6.522306	1.247000	1.402000	1.620400	0.010412	0.019583	0.016326
1535.100000	6.514234	1.248000	1.403400	1.621800	0.010317	0.019411	0.016197
1537.000000	6.506181	1.248900	1.404800	1.623300	0.010225	0.019241	0.016069
1538.900000	6.498148	1.249800	1.406100	1.624800	0.010133	0.019073	0.015943
1540.900000	6.489714	1.250700	1.407500	1.626200	0.010043	0.018908	0.015818
1542.800000	6.481722	1.251600	1.408900	1.627600	0.009954	0.018745	0.015695
1544.700000	6.473749	1.252500	1.410200	1.629100	0.009866	0.018584	0.015573
1546.700000	6.465378	1.253400	1.411500	1.630500	0.009779	0.018425	0.015453
1548.600000	6.457445	1.254300	1.412900	1.631900	0.009693	0.018268	0.015334
1550.500000	6.449532	1.255100	1.414200	1.633300	0.009609	0.018113	0.015216
1552.400000	6.441639	1.256000	1.415500	1.634600	0.009526	0.017961	0.015100
1554.400000	6.433350	1.256900	1.416800	1.636000	0.009443	0.017810	0.014984
1556.300000	6.425496	1.257700	1.418000	1.637400	0.009362	0.017661	0.014871
1558.200000	6.417661	1.258600	1.419300	1.638700	0.009282	0.017514	0.014758
1560.200000	6.409435	1.259400	1.420600	1.640100	0.009203	0.017369	0.014647
1562.100000	6.401639	1.260200	1.421800	1.641400	0.009125	0.017226	0.014537
1564.000000	6.393862	1.261000	1.423100	1.642700	0.009048	0.017085	0.014428
1565.900000	6.386104	1.261900	1.424300	1.644100	0.008972	0.016945	0.014320
1567.900000	6.377958	1.262700	1.425500	1.645400	0.008897	0.016807	0.014214
1569.800000	6.370238	1.263500	1.426700	1.646700	0.008823	0.016671	0.014108
1571.700000	6.362537	1.264300	1.427900	1.648000	0.008750	0.016537	0.014004
1573.700000	6.354451	1.265000	1.429100	1.649200	0.008678	0.016404	0.013901
1575.600000	6.346789	1.265800	1.430300	1.650500	0.008606	0.016273	0.013799
1577.500000	6.339144	1.266600	1.431500	1.651800	0.008536	0.016143	0.013698
1579.400000	6.331518	1.267400	1.432700	1.653000	0.008467	0.016015	0.013599
1581.400000	6.323511	1.268100	1.433800	1.654300	0.008398	0.015889	0.013500
1583.300000	6.315922	1.268900	1.435000	1.655500	0.008330	0.015764	0.013403
1585.200000	6.308352	1.269600	1.436100	1.656700	0.008263	0.015640	0.013306
1587.200000	6.300403	1.270400	1.437200	1.657900	0.008197	0.015519	0.013210
1589.100000	6.292870	1.271100	1.438400	1.659200	0.008131	0.015398	0.013116
1591.000000	6.285355	1.271900	1.439500	1.660400	0.008067	0.015279	0.013022
1592.900000	6.277858	1.272600	1.440600	1.661600	0.008003	0.015161	0.012930
1594.900000	6.269986	1.273300	1.441700	1.662700	0.007940	0.015045	0.012838
1596.800000	6.262525	1.274000	1.442800	1.663900	0.007878	0.014930	0.012747
1598.700000	6.255082	1.274800	1.443900	1.665100	0.007816	0.014817	0.012658
1600.700000	6.247267	1.275500	1.444900	1.666300	0.007755	0.014704	0.012569
1602.600000	6.239860	1.276200	1.446000	1.667400	0.007695	0.014593	0.012481
1604.500000	6.232471	1.276900	1.447100	1.668600	0.007635	0.014484	0.012394
1606.400000	6.225100	1.277500	1.448100	1.669700	0.007577	0.014375	0.012308
1608.400000	6.217359	1.278200	1.449200	1.670900	0.007519	0.014268	0.012223
1610.300000	6.210023	1.278900	1.450200	1.672000	0.007461	0.014162	0.012138
1612.200000	6.202704	1.279600	1.451300	1.673100	0.007404	0.014057	0.012055
1614.200000	6.195019	1.280300	1.452300	1.674200	0.007348	0.013954	0.011972
1616.100000	6.187736	1.280900	1.453300	1.675300	0.007293	0.013851	0.011891
1618.000000	6.180470	1.281600	1.454300	1.676400	0.007238	0.013750	0.011810
1619.900000	6.173221	1.282200	1.455300	1.677500	0.007184	0.013650	0.011729
1621.900000	6.165608	1.282900	1.456300	1.678600	0.007130	0.013551	0.011650
1623.800000	6.158394	1.283500	1.457300	1.679700	0.007077	0.013453	0.011571
1625.700000	6.151196	1.284200	1.458300	1.680700	0.007025	0.013356	0.011494
1627.700000	6.143638	1.284800	1.459300	1.681800	0.006973	0.013260	0.011417
1629.600000	6.136475	1.285500	1.460200	1.682900	0.006922	0.013165	0.011340
1631.500000	6.129329	1.286100	1.461200	1.683900	0.006871	0.013071	0.011265
1633.400000	6.122199	1.286700	1.462200	1.685000	0.006821	0.012978	0.011190
1635.400000	6.114712	1.287300	1.463100	1.686000	0.006772	0.012887	0.011116
1637.300000	6.107616	1.287900	1.464000	1.687000	0.006723	0.012796	0.011043
1639.200000	6.100537	1.288600	1.465000	1.688000	0.006674	0.012706	0.010970
1641.200000	6.093103	1.289200	1.465900	1.689100	0.006626	0.012617	0.010898
1643.100000	6.086057	1.289800	1.466800	1.690100	0.006579	0.012529	0.010827
1645.000000	6.079027	1.290400	1.467800	1.691100	0.006532	0.012442	0.010756
1646.900000	6.072014	1.291000	1.468700	1.692100	0.006485	0.012356	0.010686
1648.900000	6.064649	1.291500	1.469600	1.693100	0.006439	0.012271	0.010617
1650.800000	6.057669	1.292100	1.470500	1.694100	0.006394	0.012186	0.010549
1652.700000	6.050705	1.292700	1.471400	1.695000	0.006349	0.012103	0.010481
1654.700000	6.043392	1.293300	1.472300	1.696000	0.006305	0.012020	0.010413
1656.600000	6.036460	1.293900	1.473200	1.697000	0.006260	0.011938	0.010347
1658.500000	6.029545	1.294400	1.474000	1.698000	0.006217	0.011857	0.010281
1660.400000	6.022645	1.295000	1.474900	1.698900	0.006174	0.011777	0.010215
1662.400000	6.015399	1.295600	1.475800	1.699900	0.006131	0.011698	0.010150
1664.300000	6.008532	1.296100	1.476600	1.700800	0.006089	0.011620	0.010086
1666.200000	6.001680	1.296700	1.477500	1.701800	0.006047	0.011542	0.010023
1668.200000	5.994485	1.297200	1.478400	1.702700	0.006006	0.011465	0.009960
1670.100000	5.987665	1.297800	1.479200	1.703600	0.005965	0.011389	0.009897
1672.000000	5.980861	1.298300	1.480000	1.704500	0.005924	0.011313	0.009835
1673.900000	5.974073	1.298900	1.480900	1.705500	0.005884	0.011239	0.009774
1675.900000	5.966943	1.299400	1.481700	1.706400	0.005844	0.011165	0.009713
1677.800000	5.960186	1.299900	1.482500	1.707300	0.005805	0.011092	0.009653
1679.700000	5.953444	1.300500	1.483400	1.708200	0.005766	0.011019	0.009594
1681.700000	5.946364	1.301000	1.484200	1.709100	0.005728	0.010948	0.009534
1683.600000	5.939653	1.301500	1.485000	1.710000	0.005689	0.010877	0.009476
1685.500000	5.932958	1.302000	1.485800	1.710900	0.005652	0.010806	0.009418
1687.400000	5.926277	1.302600	1.486600	1.711700	0.005614	0.010737	0.009361
1689.400000	5.919261	1.303100	1.487400	1.712600	0.005577	0.010668	0.009303
1691.300000	5.912612	1.303600	1.488200	1.713500	0.005541	0.010599	0.009247
1693.200000	5.905977	1.304100	1.489000	1.714400	0.005504	0.010531	0.009191
1695.100000	5.899357	1.304600	1.489700	1.715200	0.005468	0.010464	0.009135
1697.100000	5.892405	1.305100	1.490500	1.716100	0.005433	0.010398	0.009081
1699.000000	5.885815	1.305600	1.491300	1.716900	0.005397	0.010332	0.009026
1700.900000	5.879240	1.306100	1.492100	1.717800	0.005363	0.010267	0.008972
1702.900000	5.872335	1.306600	1.492800	1.718600	0.005328	0.010203	0.008918
1704.800000	5.865791	1.307100	1.493600	1.719500	0.005294	0.010139	0.008865
1706.700000	5.859261	1.307500	1.494300	1.720300	0.005260	0.010075	0.008813
1708.600000	5.852745	1.308000	1.495100	1.721100	0.005226	0.010013	0.008760
1710.600000	5.845902	1.308500	1.495800	1.721900	0.005193	0.009950	0.008709
1712.500000	5.839416	1.309000	1.496600	1.722800	0.005160	0.009889	0.008658
1714.400000	5.832944	1.309400	1.497300	1.723600	0.005127	0.009828	0.008607
1716.400000	5.826148	1.309900	1.498000	1.724400	0.005095	0.009767	0.008556
1718.300000	5.819706	1.310400	1.498800	1.725200	0.005063	0.009708	0.008506
1720.200000	5.813278	1.310800	1.499500	1.726000	0.005031	0.009648	0.008457
1722.100000	5.806864	1.311300	1.500200	1.726800	0.005000	0.009589	0.008408
1724.100000	5.800128	1.311800	1.500900	1.727600	0.004968	0.009531	0.008359
1726.000000	5.793743	1.312200	1.501600	1.728400	0.004938	0.009473	0.008311
1727.900000	5.787372	1.312700	1.502300	1.729200	0.004907	0.009416	0.008263
1729.900000	5.780681	1.313100	1.503000	1.729900	0.004877	0.009359	0.008215
1731.800000	5.774339	1.313600	1.503700	1.730700	0.004847	0.009303	0.008168
1733.700000	5.768011	1.314000	1.504400	1.731500	0.004817	0.009248	0.008122
1735.600000	5.761696	1.314500	1.505100	1.732200	0.004787	0.009192	0.008075
1737.600000	5.755064	1.314900	1.505800	1.733000	0.004758	0.009138	0.008029
1739.500000	5.748778	1.315300	1.506500	1.733800	0.004729	0.009083	0.007984
1741.400000	5.742506	1.315800	1.507200	1.734500	0.004701	0.009030	0.007939
1743.400000	5.735918	1.316200	1.507800	1.735300	0.004672	0.008976	0.007894
1745.300000	5.729674	1.316600	1.508500	1.736000	0.004644	0.008923	0.007849
1747.200000	5.723443	1.317100	1.509200	1.736800	0.004616	0.008871	0.007805
1749.100000	5.717226	1.317500	1.509800	1.737500	0.004588	0.008819	0.007762
1751.100000	5.710696	1.317900	1.510500	1.738200	0.004561	0.008768	0.007718
1753.000000	5.704507	1.318300	1.511200	1.739000	0.004534	0.008717	0.007675
1754.900000	5.698330	1.318700	1.511800	1.739700	0.004507	0.008666	0.007633
1756.900000	5.691844	1.319200	1.512500	1.740400	0.004480	0.008616	0.007590
1758.800000	5.685695	1.319600	1.513100	1.741100	0.004453	0.008566	0.007548
1760.700000	5.679559	1.320000	1.513800	1.741800	0.004427	0.008517	0.007507
1762.600000	5.673437	1.320400	1.514400	1.742600	0.004401	0.008468	0.007465
1764.600000	5.667007	1.320800	1.515000	1.743300	0.004375	0.008420	0.007425
1766.500000	5.660911	1.321200	1.515700	1.744000	0.004350	0.008372	0.007384
1768.400000	5.654829	1.321600	1.516300	1.744700	0.004325	0.008324	0.007344
1770.400000	5.648441	1.322000	1.516900	1.745400	0.004299	0.008277	0.007304
1772.300000	5.642386	1.322400	1.517500	1.746100	0.004274	0.008230	0.007264
1774.200000	5.636343	1.322800	1.518100	1.746800	0.004250	0.008184	0.007225
1776.100000	5.630314	1.323200	1.518800	1.747400	0.004225	0.008138	0.007186
1778.100000	5.623981	1.323600	1.519400	1.748100	0.004201	0.008092	0.007147
1780.000000	5.617978	1.324000	1.520000	1.748800	0.004177	0.008047	0.007109
1781.900000	5.611987	1.324300	1.520600	1.749500	0.004153	0.008002	0.007070
1783.900000	5.605695	1.324700	1.521200	1.750100	0.004129	0.007957	0.007033
1785.800000	5.599731	1.325100	1.521800	1.750800	0.004106	0.007913	0.006995
1787.700000	5.593780	1.325500	1.522400	1.751500	0.004083	0.007869	0.006958
1789.600000	5.587841	1.325900	1.523000	1.752100	0.004059	0.007826	0.006921
1791.600000	5.581603	1.326200	1.523600	1.752800	0.004037	0.007783	0.006884
1793.500000	5.575690	1.326600	1.524200	1.753500	0.004014	0.007740	0.006848
1795.400000	5.569789	1.327000	1.524700	1.754100	0.003991	0.007698	0.006812
1797.400000	5.563592	1.327300	1.525300	1.754800	0.003969	0.007655	0.006776
1799.300000	5.557717	1.327700	1.525900	1.755400	0.003947	0.007614	0.006740
1801.200000	5.551854	1.328100	1.526500	1.756000	0.003925	0.007572	0.006705
1803.100000	5.546004	1.328400	1.527000	1.756700	0.003903	0.007531	0.006670
1805.100000	5.539859	1.328800	1.527600	1.757300	0.003881	0.007490	0.006635
1807.000000	5.534034	1.329200	1.528200	1.758000	0.003860	0.007450	0.006601
1808.900000	5.528222	1.329500	1.528700	1.758600	0.003839	0.007410	0.006567
1810.900000	5.522116	1.329900	1.529300	1.759200	0.003818	0.007370	0.006533
1812.800000	5.516328	1.330200	1.529900	1.759800	0.003797	0.007331	0.006499
1814.700000	5.510553	1.330600	1.530400	1.760500	0.003776	0.007292	0.006465
1816.600000	5.504789	1.330900	1.531000	1.761100	0.003755	0.007253	0.006432
1818.600000	5.498735	1.331300	1.531500	1.761700	0.003735	0.007214	0.006399
1820.500000	5.492996	1.331600	1.532000	1.762300	0.003715	0.007176	0.006366
1822.400000	5.487270	1.332000	1.532600	1.762900	0.003694	0.007138	0.006334
1824.400000	5.481254	1.332300	1.533100	1.763500	0.003674	0.007101	0.006302
1826.300000	5.475552	1.332600	1.533700	1.764100	0.003655	0.007063	0.006270
1828.200000	5.469861	1.333000	1.534200	1.764700	0.003635	0.007026	0.006238
1830.100000	5.464182	1.333300	1.534700	1.765300	0.003616	0.006989	0.006207
1832.100000	5.458217	1.333700	1.535300	1.765900	0.003596	0.006953	0.006175
1834.000000	5.452563	1.334000	1.535800	1.766500	0.003577	0.006917	0.006144
1835.900000	5.446920	1.334300	1.536300	1.767100	0.003558	0.006881	0.006113
1837.900000	5.440992	1.334600	1.536800	1.767700	0.003539	0.006845	0.006083
1839.800000	5.435373	1.335000	1.537400	1.768300	0.003521	0.006810	0.006052
1841.700000	5.429766	1.335300	1.537900	1.768800	0.003502	0.006775	0.006022
1843.600000	5.424170	1.335600	1.538400	1.769400	0.003484	0.006740	0.005992
1845.600000	5.418292	1.336000	1.538900	1.770000	0.003465	0.006705	0.005962
1847.500000	5.412720	1.336300	1.539400	1.770600	0.003447	0.006671	0.005933
1849.400000	5.407159	1.336600	1.539900	1.771100	0.003429	0.006637	0.005904
1851.400000	5.401318	1.336900	1.540400	1.771700	0.003411	0.006603	0.005875
1853.300000	5.395780	1.337200	1.540900	1.772300	0.003393	0.006569	0.005846
1855.200000	5.390254	1.337500	1.541400	1.772800	0.003376	0.006536	0.005817
1857.100000	5.384740	1.337900	1.541900	1.773400	0.003358	0.006503	0.005788
1859.100000	5.378947	1.338200	1.542400	1.773900	0.003341	0.006470	0.005760
1861.000000	5.373455	1.338500	1.542900	1.774500	0.003324	0.006437	0.005732
1862.900000	5.367975	1.338800	1.543400	1.775000	0.003307	0.006405	0.005704
1864.900000	5.362218	1.339100	1.543900	1.775600	0.003290	0.006373	0.005676
1866.800000	5.356760	1.339400	1.544400	1.776100	0.003273	0.006341	0.005649
1868.700000	5.351314	1.339700	1.544800	1.776700	0.003256	0.006310	0.005622
1870.600000	5.345878	1.340000	1.545300	1.777200	0.003240	0.006278	0.005594
1872.600000	5.340169	1.340300	1.545800	1.777700	0.003223	0.006247	0.005568
1874.500000	5.334756	1.340600	1.546300	1.778300	0.003207	0.006216	0.005541
1876.400000	5.329354	1.340900	1.546700	1.778800	0.003191	0.006185	0.005514
1878.400000	5.323680	1.341200	1.547200	1.779300	0.003174	0.006155	0.005488
1880.300000	5.318300	1.341500	1.547700	1.779900	0.003158	0.006124	0.005462
1882.200000	5.312932	1.341800	1.548200	1.780400	0.003143	0.006094	0.005436
1884.100000	5.307574	1.342100	1.548600	1.780900	0.003127	0.006064	0.005410
1886.100000	5.301946	1.342400	1.549100	1.781400	0.003111	0.006035	0.005384
1888.000000	5.296610	1.342700	1.549500	1.782000	0.003096	0.006005	0.005359
1889.900000	5.291285	1.342900	1.550000	1.782500	0.003080	0.005976	0.005333
1891.900000	5.285692	1.343200	1.550500	1.783000	0.003065	0.005947	0.005308
1893.800000	5.280389	1.343500	1.550900	1.783500	0.003050	0.005918	0.005283
1895.700000	5.275096	1.343800	1.551400	1.784000	0.003035	0.005890	0.005259
1897.600000	5.269815	1.344100	1.551800	1.784500	0.003020	0.005861	0.005234
1899.600000	5.264266	1.344400	1.552300	1.785000	0.003005	0.005833	0.005209
1901.500000	5.259006	1.344600	1.552700	1.785500	0.002990	0.005805	0.005185
1903.400000	5.253756	1.344900	1.553100	1.786000	0.002976	0.005777	0.005161
1905.400000	5.248242	1.345200	1.553600	1.786500	0.002961	0.005750	0.005137
1907.300000	5.243014	1.345500	1.554000	1.787000	0.002947	0.005722	0.005113
1909.200000	5.237796	1.345800	1.554500	1.787500	0.002932	0.005695	0.005090
1911.100000	5.232589	1.346000	1.554900	1.788000	0.002918	0.005668	0.005066
1913.100000	5.227118	1.346300	1.555300	1.788500	0.002904	0.005641	0.005043
1915.000000	5.221932	1.346600	1.555800	1.789000	0.002890	0.005614	0.005020
1916.900000	5.216756	1.346800	1.556200	1.789500	0.002876	0.005588	0.004997
1918.900000	5.211319	1.347100	1.556600	1.789900	0.002862	0.005562	0.004974
1920.800000	5.206164	1.347400	1.557000	1.790400	0.002848	0.005536	0.004951
1922.700000	5.201019	1.347600	1.557500	1.790900	0.002835	0.005510	0.004928
1924.600000	5.195885	1.347900	1.557900	1.791400	0.002821	0.005484	0.004906
1926.600000	5.190491	1.348200	1.558300	1.791900	0.002808	0.005458	0.004884
1928.500000	5.185377	1.348400	1.558700	1.792300	0.002794	0.005433	0.004862
1930.400000	5.180274	1.348700	1.559100	1.792800	0.002781	0.005408	0.004840
1932.400000	5.174912	1.348900	1.559600	1.793300	0.002768	0.005383	0.004818
1934.300000	5.169829	1.349200	1.560000	1.793700	0.002755	0.005358	0.004796
1936.200000	5.164756	1.349500	1.560400	1.794200	0.002742	0.005333	0.004775
1938.100000	5.159692	1.349700	1.560800	1.794700	0.002729	0.005308	0.004753
1940.100000	5.154373	1.350000	1.561200	1.795100	0.002716	0.005284	0.004732
1942.000000	5.149331	1.350200	1.561600	1.795600	0.002704	0.005260	0.004711
1943.900000	5.144298	1.350500	1.562000	1.796000	0.002691	0.005236	0.004690
1945.900000	5.139010	1.350700	1.562400	1.796500	0.002678	0.005212	0.004669
1947.800000	5.133997	1.351000	1.562800	1.796900	0.002666	0.005188	0.004648
1949.700000	5.128994	1.351200	1.563200	1.797400	0.002653	0.005164	0.004627
1951.600000	5.124001	1.351500	1.563600	1.797800	0.002641	0.005141	0.004607
1953.600000	5.118755	1.351700	1.564000	1.798300	0.002629	0.005117	0.004587
1955.500000	5.113782	1.352000	1.564400	1.798700	0.002617	0.005094	0.004567
1957.400000	5.108818	1.352200	1.564800	1.799200	0.002605	0.005071	0.004546
1959.400000	5.103603	1.352500	1.565200	1.799600	0.002593	0.005049	0.004526
1961.300000	5.098659	1.352700	1.565600	1.800100	0.002581	0.005026	0.004507
1963.200000	5.093725	1.352900	1.565900	1.800500	0.002569	0.005003	0.004487
1965.100000	5.088800	1.353200	1.566300	1.800900	0.002557	0.004981	0.004467
1967.100000	5.083626	1.353400	1.566700	1.801400	0.002546	0.004959	0.004448
1969.000000	5.078720	1.353700	1.567100	1.801800	0.002534	0.004936	0.004429
1970.900000	5.073824	1.353900	1.567500	1.802200	0.002522	0.004915	0.004409
1972.900000	5.068681	1.354100	1.567800	1.802600	0.002511	0.004893	0.004390
1974.800000	5.063804	1.354400	1.568200	1.803100	0.002500	0.004871	0.004371
1976.700000	5.058937	1.354600	1.568600	1.803500	0.002488	0.004849	0.004352
1978.600000	5.054079	1.354800	1.569000	1.803900	0.002477	0.004828	0.004334
1980.600000	5.048975	1.355100	1.569300	1.804300	0.002466	0.004807	0.004315
1982.500000	5.044136	1.355300	1.569700	1.804800	0.002455	0.004786	0.004296
1984.400000	5.039307	1.355500	1.570100	1.805200	0.002444	0.004765	0.004278
1986.400000	5.034233	1.355800	1.570400	1.805600	0.002433	0.004744	0.004260
1988.300000	5.029422	1.356000	1.570800	1.806000	0.002422	0.004723	0.004242
1990.200000	5.024621	1.356200	1.571200	1.806400	0.002411	0.004703	0.004223
1992.100000	5.019828	1.356400	1.571500	1.806800	0.002401	0.004682	0.004206
1994.100000	5.014794	1.356700	1.571900	1.807200	0.002390	0.004662	0.004188
1996.000000	5.010020	1.356900	1.572300	1.807700	0.002379	0.004641	0.004170
1997.900000	5.005256	1.357100	1.572600	1.808100	0.002369	0.004621	0.004152
1999.900000	5.000250	1.357300	1.573000	1.808500	0.002358	0.004601	0.004135
